181521
786681
582724
169009
557624
259043
108186
343757
990217
245783
804451
509960
26989
134020
165503
30593
941065
713279
215036
815666
638215
855524
201079
226915
746420
56166
886692
879201
734694
625208
381641
471162
376064
363190
987256
226112
224888
841149
114656
308494
210727
916273
459967
876656
349851
675528
45780
193758
993241
272811
420756
612758
638077
647887
442018
111012
111968
868851
521451
274962
836542
732772
801448
850675
953872
952360
565721
268543
958724
835024
435535
637010
404311
437643
228461
596821
999220
63639
219935
353586
142573
639679
222350
842022
448712
914898
977109
525217
224398
856684
340021
235704
636006
132225
77766
130279
642478
837845
213805
950197