63
96
165
387634
88238
267
274
301
341
452
547
572
669
808
302826
890
938
943230
1228
1841
636572
2082
2100
730180
2608
2775
2970
3017
3046
3167
3278
3446
3472
3672
3675
3693
3892
3966
3968
749056
4073
4100
4132
4237
4461
4504
4594
4735
4807
4875
265990
5158
5180
5589
5641
5651
5681
5738
5871
5907
5923
5959
6135
368262
6244
6248
6335
6340
6364
6408
6494
6748
6766
6845
6914
6940
6945
6948
697618
7381
7452
7478
7486
7584
7592
7641
548441
7818
7998
7998
539254
8054
265229
8136
8205
8266
8415
8471
8618
8797
8808
9101
366137
9219
9250
9493
9496
9562
601501
9840
9858
10028
10119
10140
457017
10389
10391
10475
10826
10850
564571
11427
11436
11556
11703
11721
11740
11755
823806
11859
11931
12336
91548
484395
12704
12717
12851
13062
13097
13163
13342
13385
13529
13541
13546
759486
13687
13697
13729
13921
465401
14310
14328
14376
738319
523727
14754
14910
571781
15166
940694
15449
15514
15535
15596
15734
16008
16036
62015
16210
16352
568309
622970
16756
16836
16959
16978
17138
871216
17483
17809
88644
17861
17912
272378
18256
18282
18541
18638
18762
18969
18979
18982
19088
19231
515013
19370
19402
19436
19472
565925
19617
19623
324767
357362
19762
19811
19898
19937
20124
308078
20308
289936
20422
20462
20558
20620
20690
20702
20742
20799
838366
21094
21098
21133
21142
21271
21446
21494
21556
21621
798750
244014
22172
22235
656235
22326
22649
22679
22763
22777
22856
23108
703371
743142
23334
23492
23972
24068
24206
308773
24822
24995
876306
913951
25069
25161
25222
25310
25514
25574
25729
25744
25746
25763
25796
25858
25993
738094
645882
26207
231345
26300
26511
777914
39077
26763
26779
26885
27114
209620
488215
146736
27781
28193
302054
28227
28287
28362
28434
28509
28955
29028
29100
29663
29956
29967
30007
30035
30055
30117
353657
30415
30444
30755
30757
30796
30859
30928
30929
30955
31003
31171
31173
31193
31260
31345
31520
31602
31645
31771
31775
31777
31839
31905
509631
348489
32214
32269
32404
32410
32615
651334
32689
32713
32723
32928
33003
33096
33129
33164
33166
33299
33329
33816
34014
34260
201308
34401
34428
34640
174733
34823
650484
34852
35100
35123
35128
35217
24609
35408
35486
35531
241187
35738
396782
143755
35923
36080
36094
36230
36325
36420
36697
36743
36751
36777
36804
36848
36872
36977
148681
37048
37145
38420
37271
745450
37892
37906
38004
38066
38166
38237
37170
38423
38425
38439
38475
38534
38653
38684
38713
38965
564492
39003
26755
39173
39231
627415
39514
39586
39689
39733
39885
84048
40104
40112
40196
420469
40250
40341
617575
921770
40788
40873
41077
41195
41217
41234
41656
41696
443806
42068
42132
862455
42258
464200
42425
42548
42763
734529
42877
42908
459695
976071
43516
43651
398807
44173
234803
923623
44609
44634
44949
45040
45071
337991
45279
45292
45356
45599
45615
45666
45718
45814
45948
46102
705936
46208
46276
46316
46410
46449
46453
46708
46851
46882
46929
47402
47444
47482
47655
47660
47707
47764
47780
47881
424327
823108
942957
306429
336401
746592
48256
479185
48378
48569
48641
48663
48865
48924
48964
49116
49140
49141
49198
49340
49471
49516
754480
49641
266532
49781
50041
50062
50107
50162
50526
50607
50629
50686
50708
776008
323495
281922
51019
51121
51128
51194
51203
51943
52004
52014
63734
52071
52109
52431
629510
53333
53353
53355
53375
53458
53567
663582
53808
177490
53940
652474
54149
54202
54301
54350
54534
54576
687793
851811
54849
486584
600168
488596
55267
55589
55592
55610
55611
55653
55865
55874
55952
82715
759536
56170
56234
56267
56321
56322
982563
56359
56369
56398
56414
56444
101613
56624
56652
56717
56791
56860
562943
57292
57323
809046
57774
57891
57940
58089
58099
58218
58456
58494
58518
58562
58643
58682
58910
58975
911467
59106
59210
59283
605801
528389
59781
59856
60160
60193
60201
60223
529564
572167
60507
60601
60681
60743
946943
60898
442394
61025
61058
61078
61107
485707
61423
455809
61564
61626
61667
61746
16038
62083
62173
62234
62241
475797
891778
556882
62518
62558
62584
62585
62678
62800
63019
63024
63031
63041
163024
980367
63162
63181
809654
63244
63263
63334
63394
63505
63545
52037
63743
63843
63849
63942
63975
64039
64041
64281
64774
64994
146383
65474
65857
66012
66326
66432
66913
67125
67195
67232
766736
67367
67375
857047
67432
67448
67470
67525
67646
67925
67940
68076
68167
68172
68416
68429
68466
68474
68477
68530
68554
845455
691372
68763
68811
68816
68823
68842
68844
68879
69118
69338
668873
218867
794601
963495
69794
69800
69910
70015
70065
612565
70236
70330
70394
70445
70473
70707
70849
70939
70944
71042
71205
71252
71278
71300
912478
71449
71475
340577
71513
579093
71529
71581
71613
71704
71753
71900
72206
72285
72350
72572
72724
642209
72796
73011
73219
73290
73302
73370
147081
73417
73494
73589
73605
73664
73717
73725
226929
74284
74309
74882
579079
75282
75479
75756
75792
75917
75964
76019
76058
76136
76197
305411
76368
76593
876095
93239
633411
941156
77318
77348
77607
77651
77831
77963
85850
78389
78392
489862
78532
78695
78771
78885
78916
78999
79017
79078
79127
714976
79482
79545
79564
79787
733126
80075
80082
80086
80136
80233
80238
80242
80353
80506
80515
80746
80936
80969
327388
81424
360578
81531
81637
81806
82016
82108
82128
82137
82141
82156
82227
82324
82488
89284
82623
56126
82785
82968
83073
222802
83198
83240
83486
83505
83605
83692
83782
429010
83835
83871
83891
537963
84005
40068
84354
84361
84441
84827
84944
85021
85042
889838
768517
85734
85792
78364
85938
86414
86451
86482
86527
86672
86854
86881
86994
87078
87232
87287
87408
87491
87667
88186
363899
88265
88286
88437
88499
88515
88626
288889
88828
88834
88844
88899
88905
88920
503994
89124
89244
82502
89361
89422
89567
89577
89792
89806
90022
767076
90228
90315
90344
90523
128395
90778
90831
91248
529707
12421
91991
92028
92036
92041
285506
92071
92083
92360
795850
92689
92755
92821
92889
92941
93008
93119
93205
574289
93259
93363
93615
93761
93768
282027
93894
94170
337004
94361
94680
289541
94935
94997
95075
872628
95202
95371
95551
95553
542206
95697
95935
96153
945166
96193
96229
511432
521296
96425
96550
96757
96763
96932
263279
97154
97186
97294
97332
97441
97850
97962
98092
98114
98117
98157
98373
98374
98397
950639
98487
98522
98550
98650
98790
98918
99002
99036
405410
99284
99707
99745
472246
99927
843205
100056
100068
100182
100230
364440
100587
100672
100702
101139
101143
101239
253136
101563
101575
56515
101650
101749
761916
102046
448278
102487
700447
578597
102795
102830
103073
103137
103161
103256
103351
300514
103505
103729
256590
104002
207320
104095
104125
104187
104517
104531
104584
104676
104688
104981
105070
105134
105179
105258
105311
105463
105477
105590
105600
105656
105753
105802
105874
106063
106145
106310
106314
106412
106636
106894
107016
107154
107231
107457
107603
107605
107677
412371
343338
107760
107852
108051
108092
108590
108627
108644
108881
959715
109122
109156
109455
109474
109528
109653
109915
361902
110266
110304
110339
924834
110499
110505
110518
110530
125281
136524
110928
661371
111012
111133
111203
111245
111305
111370
111668
111672
457463
111674
111968
112049
887449
112272
112441
112597
113022
113195
113271
113399
113448
421347
76672
113598
113661
113953
113958
113961
612647
551901
114200
114224
114225
501810
114431
114675
114687
114828
114850
726956
115038
115041
115166
115176
139448
115458
115472
115504
115540
115579
115603
115690
115888
115929
115950
116139
116493
116698
116761
116968
116975
117041
399894
117089
117302
117303
117634
117756
117773
117999
118235
118255
118293
118368
118532
118605
118617
118702
118763
118810
118856
119189
119251
119300
119474
119477
655895
119520
119577
241794
444096
318104
120242
120346
120414
120524
120900
795116
488824
121331
121414
593318
121701
121761
121798
121810
187298
122039
122079
122294
185703
122369
122408
122481
122517
231327
123162
123212
123270
123780
687860
124006
124145
124204
124332
124619
124752
435054
124898
125081
435188
110613
125281
538148
125470
125708
125727
125805
427127
125938
126148
126296
126353
126381
126514
126549
126588
126633
756862
126788
126823
126843
417138
820203
126968
127255
127391
127432
127442
127470
127501
824995
127575
127719
127830
127843
127912
127940
128006
835912
684257
128330
128369
90741
128537
128623
128803
128901
129140
554113
129326
129431
129499
129783
129830
130011
130033
130157
130180
130272
130420
130542
252077
130622
130665
130824
331760
131133
131292
131337
850240
131507
131620
201114
131938
132067
132154
132263
132660
132742
132798
132845
132932
705316
133237
133242
421040
133415
133447
133468
133557
133581
133845
133888
133992
134024
134467
134671
134820
135031
135203
135399
135559
135647
135687
135865
138724
135923
136222
136283
136328
136348
136441
110662
136766
137153
305457
137398
481722
137774
137829
137952
138229
735148
138277
138305
138483
138620
138668
135894
138752
138905
139157
139158
139268
139357
115252
139509
139627
139912
140160
140175
140248
140357
140361
140533
140716
140934
141078
141080
564124
141217
141260
141295
141320
141341
449281
141373
531227
880627
141983
142012
142127
142137
142592
142594
142605
316747
201920
142690
142737
142934
142942
143208
143403
143428
143615
143646
35916
144227
144269
144275
144373
144428
144734
144811
986465
145136
145224
145279
145359
145467
145604
145879
145891
146009
146180
146315
65452
146406
146408
999513
146452
669134
27759
146796
788159
147074
73410
147090
414913
147256
147626
147679
147836
147949
148178
148243
148252
148308
148666
792246
355030
149021
149115
149165
611275
149356
149653
150012
150013
150028
150059
150126
150182
565342
967890
150515
150629
150677
150681
150707
150711
150846
150897
150931
452360
151021
151036
151189
151190
151261
151423
855115
151530
592976
151594
151708
151712
151830
411427
152032
152239
152492
152682
152773
152798
152815
152924
153010
937388
153398
288668
153868
153925
153963
153974
153981
154056
154166
154327
154380
204027
154682
154705
154802
154909
154917
154970
155193
847212
155275
155452
155645
155682
155713
155735
155847
155942
155954
573414
56353
156065
156240
781965
156417
156560
156589
980810
681169
156934
672110
371266
157114
638916
157186
157198
157199
157307
157493
423954
157884
157913
157943
157957
826790
158223
158341
158348
158362
158374
158447
158504
158592
158625
158889
183866
159140
159234
159396
363379
159515
159547
159874
159928
423020
159955
160267
160292
160334
710660
160694
160779
160845
962630
161042
161051
161212
161227
513642
161259
161318
702240
161546
161628
161648
161656
161722
161950
162056
162075
162591
162695
162782
63053
163080
163082
163173
163375
646482
163428
163458
905099
163495
163523
163563
163652
163773
164093
164230
164263
164351
752917
164458
164654
164743
164850
164852
165136
165166
165271
165320
165343
165362
165492
165639
165750
165825
165902
165909
165929
165965
166024
166125
166136
166150
166863
166907
482341
167065
167090
597395
167366
167366
167437
167579
167696
167731
167783
167965
168056
168221
168347
168378
168412
168473
704365
168736
168886
168927
168942
169140
169216
169224
169274
169534
751102
169631
169668
169707
169806
527691
170280
170308
931815
170680
170771
171098
171124
171131
363120
171171
171365
171529
171560
172015
172048
172127
172185
172314
172347
172569
172654
867582
173072
173096
808637
173310
173339
173477
173505
173774
173803
173813
174044
174070
174270
174307
569386
34767
174753
174813
175015
175034
175052
175153
175234
175344
328550
175351
175354
175615
175669
175669
175684
175799
175895
175929
176099
176224
176343
176653
422635
176996
177094
177216
177221
177391
53873
177684
177766
177952
177966
604344
178147
178389
178648
178685
860701
178813
179033
179129
179151
179267
179300
179354
179430
230258
179768
179795
179824
179965
299276
180059
413637
180375
180378
180423
180713
180796
181024
181111
181203
286213
181344
181490
181562
181805
181887
181934
182355
182436
182555
182708
182727
182778
208671
182847
182862
182985
505406
183202
183235
183249
183282
183423
650036
183632
183681
692324
159052
456277
184344
184666
184718
184854
184908
184947
185018
185022
185065
185133
185253
185271
185279
255428
122334
677327
185847
186062
546032
186194
186434
186702
186797
186901
186921
186971
187048
381611
187318
518374
187430
187527
187542
187565
819723
605692
188014
188181
188182
188187
188211
188432
188458
188551
628416
188855
188920
292018
189134
975517
337097
189609
189733
189784
189909
189916
189973
190208
190300
190378
190496
190565
413478
190764
425292
191087
945713
191206
191206
191284
531923
191325
191411
191459
191561
191563
191581
191598
191998
192059
365262
192082
192391
192518
717399
192841
192981
512901
477292
609711
193456
934057
193657
236521
193748
193841
193858
194130
194152
194328
539667
194554
194725
194806
195059
195077
195110
195312
195321
195402
195516
195558
195639
476981
195857
196115
196271
196319
428936
196434
196484
196565
196722
196804
196890
196899
197001
197044
298154
197220
197252
197281
197468
197534
197614
197730
770657
197881
615463
198078
198264
802318
198477
980059
198515
198641
198687
198713
198748
198918
198983
198989
199147
199311
199483
199806
199928
199991
200130
200181
200206
200575
200602
200646
200720
200730
200800
563368
200832
200891
201012
387121
201061
752066
201177
201204
201235
201277
34357
201358
201387
201467
201559
142650
202026
202061
202106
202207
202276
202346
202406
202444
202549
202787
202822
202870
202994
754925
203520
715460
822270
203808
203833
203943
535039
204106
204143
204264
204268
204319
204340
204594
204629
845956
515770
205179
205239
205294
205720
205785
205804
206395
206449
206631
206643
206700
206834
207223
207242
104075
207409
207426
482165
207538
207555
865455
207663
207721
207918
207941
417871
207991
876329
208232
734062
462381
208742
55118
209074
209187
209250
209334
209412
209500
209544
542078
209683
722248
209816
209956
209998
210093
210128
970526
210294
210340
210401
210449
210620
303797
210804
210807
210813
667990
211020
211128
211334
211396
810580
211695
960544
662843
212183
212418
212423
212446
213084
213147
213193
213214
213217
213292
213409
213687
213701
213752
329966
497448
651402
412653
214258
214306
214327
214402
214424
214427
214637
214682
214716
214931
214949
214975
214998
215347
215349
215429
215602
215607
215618
215709
215772
215803
178089
216033
290600
216330
216363
216371
832865
216631
216842
216874
217034
217077
217114
217222
217266
217467
217591
217781
986132
217967
217997
218058
218080
218108
218110
218520
218564
218617
218723
218731
69662
219677
219708
219750
219765
219768
219794
219840
220105
220263
220375
220383
220425
220681
220874
221035
221080
221196
79432
221546
563804
221591
443213
779320
222380
222446
222455
305524
222698
222758
222772
83107
654995
222967
223258
852797
223355
223394
605138
223604
223616
834324
223784
223859
224129
224149
224156
224162
386310
224296
224340
224423
224460
858368
224990
225046
225080
225324
225329
225372
362437
225478
225875
225900
225938
829529
226400
579832
226639
226702
226798
264119
227212
227267
227308
227493
227638
227643
227688
227776
228273
228312
228498
228639
228739
228891
229006
229024
355439
229041
229245
229346
229364
229401
229436
886691
229542
229623
229649
229651
229673
229743
229775
867252
230050
179487
230487
230661
230882
231051
231059
231075
231130
231207
122726
26261
231429
231848
231907
232088
232337
232379
232437
232491
232947
232969
749831
233335
650318
233456
233564
233582
233584
233671
427959
233834
233863
233912
916358
234279
234459
234482
234536
234584
234664
234687
234795
44310
235214
235586
235591
235672
235865
236129
516897
236393
921555
918156
193740
236525
236663
236775
236810
237068
237119
237169
237224
571304
237316
237370
237846
237972
238188
238235
238322
238430
238573
238575
238604
238830
238858
762600
238879
238902
238983
239102
239281
239400
239524
239659
239714
239853
239915
240121
240149
240242
240343
240438
240445
240484
240657
240708
240967
241107
99036
241176
35591
169823
241267
241280
241438
241458
241564
241751
119592
242007
242028
242053
242262
502754
242349
242473
242503
242539
242698
242819
242929
242984
338075
243141
243583
243724
243747
243822
243854
243859
243927
22031
244150
426212
244214
244230
244267
244371
244374
244704
244716
385408
244782
244936
244948
245402
245442
245462
245743
731855
245902
524784
245979
246027
246079
246263
868748
246495
246545
246577
246817
246817
246956
247021
247044
247170
247209
247503
247513
247577
247713
248055
248212
248335
248413
248557
248596
962722
248690
249074
249083
249147
249201
249295
530504
249352
249362
249481
249547
249655
249825
249913
249995
250008
250025
250109
250154
250168
250402
683626
250588
250682
250810
419504
251106
251144
251154
251251
251264
251303
500805
251412
251448
251460
991836
768560
251719
251897
579028
266951
130607
252510
252896
252969
252993
253098
101495
382656
253535
253538
253571
783161
802047
253799
253886
253897
254071
254117
254235
254258
254391
254439
254487
736564
254695
254803
254946
255156
255163
255201
255237
93778
185328
255451
255480
255576
255788
255863
256351
256471
103970
673057
256707
256819
904937
257299
257322
257375
257613
257736
257788
665252
733243
257986
258014
258163
258921
258966
840644
259324
259353
259433
259606
259712
259732
260097
260204
260363
260496
260695
260800
260948
260951
633544
261142
562803
261331
261564
261864
261903
425189
262217
289326
718895
262560
262588
262596
357616
262775
262907
262913
262969
263127
263128
263169
97018
263423
263517
263637
263754
225436
264053
264102
842147
902874
264368
264884
265026
855536
8118
265248
429626
265372
265388
566752
265731
265900
265922
265926
265931
265971
5047
266525
49762
266549
266706
266767
266923
266930
251935
267233
267329
267371
267448
267503
267578
874169
268155
310121
268425
268580
268609
268643
268833
268837
950977
268856
268945
268996
269182
269189
269273
269490
269498
269604
269618
269857
270193
270232
270236
270262
270330
270488
270519
270645
880728
270835
270856
536400
510001
271134
271434
271482
271597
271615
271720
271737
271782
271786
271800
271823
271934
271953
271960
744794
272156
272187
18225
272396
272475
272501
272811
272965
272965
273045
273081
273279
273449
273512
273930
273949
274161
274255
274334
814343
274508
224200
274619
274794
274847
880382
274888
48069
275295
275384
275395
275431
275527
275644
275791
275820
275820
275846
275869
276012
276053
276138
276227
276247
276619
320801
276802
276809
276860
977992
276891
276966
276976
277005
277060
277087
496678
277163
277170
277210
277248
277260
277282
25016
277414
277655
277673
277784
277822
277866
277868
277951
278037
278225
278575
416583
278735
278753
278986
279008
279101
279105
279226
279408
279678
279806
279858
341132
280241
280466
280553
280596
280600
280608
395465
280748
280755
280943
281006
281055
281113
281148
281240
281266
281294
281322
281421
281546
281592
281757
637030
255370
361185
282345
282470
282531
282966
283269
283282
961418
283679
283699
283942
284582
284895
285006
285032
397590
285246
285296
363345
285610
285780
285941
285981
286021
286118
181218
286412
286462
286541
286669
286690
286730
287063
287101
287114
579743
496302
287222
287415
287442
287469
287561
287611
287678
287722
943977
287919
287973
288000
85333
551845
740540
288459
288493
288566
769736
153732
288693
288863
17854
288897
288994
289061
289062
289074
289174
289187
289315
262357
289480
289500
94822
289587
289603
289647
289751
20396
290059
290087
290423
290536
290593
216060
290620
290636
290679
290697
290718
291379
291387
291563
291614
207492
291674
291867
291875
188993
292747
292877
292940
292959
292960
557057
293103
988043
293424
293495
328964
293615
293627
293848
294458
294503
294667
294714
294717
294816
294879
294972
295116
295213
295373
295443
295935
295943
295950
296022
296370
210907
296612
296732
481288
296821
296922
296991
297115
297437
987578
297617
847248
297674
297817
297935
298012
197159
298431
298454
156876
298499
298510
298805
299037
299041
299048
299049
299215
299233
180013
299375
299557
299776
300031
300067
983247
300089
300217
300261
300286
300293
300297
300357
300488
103485
300530
300604
641655
300821
300956
301440
301532
301649
301681
372528
301735
301970
28217
302379
302450
302494
640456
302650
879
302826
302956
302977
303032
303055
567321
613905
545456
303219
303226
303227
303257
303263
303384
303410
303501
303699
27277
303823
667386
304139
700224
304238
304264
304316
304337
445084
304466
714533
304743
305259
305339
76279
305418
137345
305458
305460
222577
305532
305598
305614
305951
306007
306055
306101
306228
909500
306654
306733
306875
306921
306984
307060
307096
425290
307309
307390
307399
307423
307589
307620
307737
307806
307983
308035
20261
308098
308191
308199
308225
308247
308597
308621
308720
35393
308875
483554
309203
309240
309248
309256
309377
309523
309670
309704
310041
310092
268366
310131
770951
310328
786786
310564
310618
310724
746462
311149
311237
311475
311522
311607
311632
896124
311805
311895
311902
312285
312298
312509
312801
312956
313080
482076
313786
313796
313800
313970
313977
314148
314274
314289
314445
314469
314491
911919
314654
314716
314941
618481
724446
315205
315243
315498
315530
315660
315689
315789
315854
316123
316125
844510
485750
316294
316309
316330
982718
316522
316614
142612
316765
317019
317113
317197
317438
317462
317495
317565
518209
317674
317822
894604
317967
821651
450446
119952
318141
318187
318398
318444
318465
318498
318613
318654
318730
318782
318796
318812
318993
319022
589943
319171
319621
319645
319685
319706
319810
320010
320179
320240
320260
320502
728377
320542
320563
320655
276669
320826
320931
320941
321089
321193
321285
321498
321503
321716
321750
321798
321808
321872
635003
322094
322284
322497
322583
322747
322805
322821
322973
323031
323073
854079
323452
50904
323596
323922
324022
324112
324354
324418
324479
324568
19684
324889
324935
325111
446969
325372
325386
325574
325622
325693
325737
829607
325829
326325
326455
326656
326757
326884
326958
327124
327203
327221
327296
327326
81094
327529
327580
327897
327922
328310
328373
328411
336789
328617
328717
758651
328816
328907
328940
293556
329047
329201
329295
329453
329621
329801
329844
329899
329902
213841
330005
330028
330095
330533
330556
330765
330849
330858
330872
331024
331047
331078
383875
331502
331567
331740
130850
331799
331803
331857
332013
332186
332356
332387
878823
332484
332498
332521
332616
332669
332678
332697
332890
332902
332925
397615
333240
822933
333256
333304
333421
333646
781276
333950
333954
985860
334055
334075
762105
334298
334428
932925
334600
334729
334759
334822
334956
335016
335041
335082
335363
335412
335648
335766
335812
336093
336116
336154
336164
222834
336202
336221
336246
336258
541053
336367
48105
336513
336582
336608
336666
336709
336747
336767
942012
336928
336950
94229
337019
189338
337237
337526
337800
402311
243048
631002
338208
338279
338352
338521
677144
338645
338673
338716
339127
339291
448871
339487
339557
339596
990005
711972
339856
340308
340362
340504
340534
71475
340758
340856
340908
618237
340917
340947
341053
839287
341108
280050
899103
394052
341530
341613
785985
341660
341728
341826
342015
342157
342402
342482
342790
342830
427878
342884
343026
343067
343119
343236
963894
107726
343375
343497
467416
343797
343822
343843
343850
343974
343976
344015
344112
344130
344144
344285
344377
344570
344574
344579
344779
344793
345125
345171
345193
345393
345494
345512
345738
345763
345787
345829
345830
345920
346055
346062
346187
346216
583086
346674
346924
346935
347088
347185
347558
348122
348154
348225
348369
348400
348407
32030
348612
348627
348704
348815
348826
348904
349217
349229
583471
349565
349783
349798
349811
485565
350469
350510
836152
350645
350674
350707
366938
351056
351124
351225
950572
768689
351471
351496
351541
351584
351776
351878
351938
919117
352035
352036
360796
352106
352132
352276
352568
352634
352762
352806
352853
352977
353212
353340
353400
353448
353465
353522
353603
981822
353725
353891
903732
354098
354376
354391
354451
354617
354726
354842
607709
354901
354916
354934
354945
148888
355297
229028
585056
355813
355823
355897
911805
356075
356217
356258
356472
356477
356485
356760
356881
356909
357286
19752
357403
357479
262617
357657
357723
357793
358239
358254
358328
358372
358532
358543
358623
670439
358757
358785
358880
90027
359478
359688
359727
359730
359746
359765
359842
360117
360177
360190
360210
360236
360397
360426
360515
81499
492325
352072
360807
360853
360877
360900
360931
361034
361171
282052
361353
625755
361465
361482
361569
361570
361582
361745
361828
361889
361896
405745
361982
361990
362110
362228
362275
653178
362364
610565
813160
405218
362513
362644
362666
362798
362875
362921
362923
362961
363113
810778
363172
358755
363361
159462
363727
363776
231
364188
364300
657590
100500
364578
364637
364717
365024
365066
427423
365463
365592
365738
365837
365890
366034
366064
784006
9115
519437
366226
547090
366346
366411
366618
366761
351054
367088
367177
367196
367203
367390
185730
367635
367643
367720
367758
367842
367954
368125
368172
368238
6169
368266
368273
368525
368742
368955
369206
369529
369640
369803
743559
370227
370513
370896
370945
157089
371299
371374
371516
371649
371727
371775
371900
371933
372025
372136
372438
372513
301706
372570
372717
658463
372952
372980
373011
373110
373111
373214
373274
373288
373307
373353
373533
373567
373632
653566
374229
475606
374286
374304
374324
374491
374770
374896
375068
375189
375256
375256
375529
375617
375639
375703
375794
376108
376115
376124
376207
376303
574501
376590
376660
376822
376869
376934
376957
376987
377346
949431
377439
377612
377825
378068
378104
378180
378231
378348
77266
378480
378501
378673
378706
378768
378879
378898
378928
378995
378998
379077
379131
379365
379410
379416
379565
379730
379751
379868
379917
380032
380100
420380
380137
74039
380352
380546
380556
380605
380642
380701
380823
198288
381150
381289
560806
381437
381476
381480
381599
121942
381731
381903
382014
382369
382584
641656
382620
253368
534824
383248
383371
383379
566853
579509
383726
383777
695985
384084
384143
384284
384427
384615
384746
384839
816106
492585
385163
385248
385310
385327
385337
765648
843474
385469
385690
385723
385759
385879
668547
386059
386111
386262
386283
291651
386401
723085
420122
386715
386721
386839
386934
386963
201024
387275
387586
387630
181
387717
387797
388206
388246
388267
388280
388469
388626
388648
388734
388763
388773
388903
389041
389323
389402
389402
389470
389656
434885
389974
390163
390193
390348
926024
8025
390907
391003
391375
391449
968385
391556
391745
391763
391942
392102
392241
392357
392419
392529
392550
392704
495521
392939
448341
393175
596582
393792
393813
393868
341350
394237
394271
394317
709347
394620
394823
394956
395182
395398
395409
395425
395457
280677
397719
395712
395726
395766
395789
395804
395886
395913
395956
396043
396154
396244
413004
396316
396457
396491
396516
396670
35881
396798
396823
397001
397215
397344
397461
397484
397519
285133
333001
397652
397689
395667
397971
398170
398247
398290
398382
398472
398702
655697
398916
398924
398959
822756
399039
399143
399210
399261
399310
380340
399377
399538
399744
399886
117067
400194
400250
400844
400907
170411
400963
921498
583509
401484
401926
401935
401966
402084
402230
402248
402284
402300
45214
402444
402466
402538
402929
987842
403153
403247
902365
403607
403700
403942
403953
404004
622777
404150
404188
404225
404625
404756
404828
405035
570959
848311
405226
241168
405425
405435
405472
405509
110184
406147
406148
406231
406396
406410
406481
406549
406799
407031
601260
407487
917170
924667
407784
119735
407986
928779
408462
408476
408690
408693
408761
411723
456580
681036
409303
409334
409888
410005
410056
410064
410161
410176
683649
410466
410474
410566
410792
410918
411073
411087
151910
411442
424175
411770
411917
411971
412245
412308
412336
107694
412433
412449
412537
412624
582913
412791
412808
672218
413079
413154
413345
413367
413464
874520
180261
413649
413650
413763
413782
413889
414292
821699
414403
414419
414421
429804
414571
414624
498623
414664
414724
414746
414781
414783
414840
414860
147157
414981
414999
415000
415022
415440
415471
351355
415545
415755
415783
415911
416093
416270
416278
416340
416445
416537
416543
278693
416703
904260
416808
416976
417053
126877
417178
417196
417292
417392
417442
417469
417510
417546
417752
417847
487614
417920
418064
418078
418079
418088
794692
418251
418386
418533
418656
418688
418690
418932
418933
418943
419071
912324
419212
419256
419306
419341
419403
250926
419552
419651
419765
420000
420001
420047
420092
386612
420140
420186
420305
974113
420364
380132
40242
420647
795688
752788
715753
421050
421108
421241
421254
113499
421441
421451
421601
421666
915443
422023
422066
422120
422145
422325
422415
422428
422630
176885
422879
423016
159947
423101
423110
423343
423425
423443
423666
423794
423928
157880
424009
634474
807147
636942
424512
424756
424809
424820
424821
425034
425099
262110
307097
190831
425465
425466
425510
425649
47929
425667
426053
426136
244211
626464
426265
426281
426605
426681
426689
426733
760062
426845
426857
426873
426907
426943
427020
427037
125913
427242
427302
192073
427490
427646
427647
427708
427834
427844
342847
427932
575351
428242
428361
428397
428441
428686
428701
428799
498180
429001
83796
429160
429215
429454
429564
265314
429704
414451
429922
429952
430147
430198
430281
430439
430473
141883
430665
430669
430679
430749
986064
430904
430918
677770
431193
899062
431463
431534
431923
431936
431942
432231
432238
460534
432259
432386
432409
432415
468027
432573
432624
432637
432659
432672
432867
432892
432981
432985
433105
487044
433614
433654
643602
433991
434139
434163
434172
434453
434507
434672
434686
434711
434766
389955
434893
937146
434991
124848
435133
836240
435298
435437
435491
945735
753441
435690
435796
435836
435899
435917
435938
435987
436070
436169
436176
436367
436389
436673
436774
436835
436894
436926
436958
436971
437066
437115
437229
437258
437322
437450
437502
437714
437813
453539
437873
437926
438160
438208
438316
438342
438387
438424
438709
438737
439001
439045
439295
439623
439739
439927
439950
439959
439982
440078
440093
440144
440524
440766
440769
440849
441129
441211
441218
441343
441412
441431
441627
441706
973218
441877
441948
441988
442017
442039
442156
442159
442391
61000
287852
442527
442627
442869
221937
443278
443392
443496
443556
443672
41956
443912
444037
514983
175347
444270
444309
444425
444450
444489
877079
444580
444787
444811
444811
444936
445032
304423
445125
445365
444500
445685
445827
445860
446017
446101
446266
446324
446389
446421
446437
446489
868678
446735
446792
446919
446950
325304
564246
447161
447223
447258
447382
447415
447467
447479
447622
447689
447836
447939
447982
448167
448184
448210
102276
448334
893314
448366
448442
448465
448543
448567
448671
448774
339469
449010
449185
141362
449424
449866
449935
449979
450230
450258
450314
450318
450388
318043
450554
602473
451106
949523
854931
451538
451578
451704
451889
451929
452035
452064
452138
452138
580586
452317
150983
452418
452423
452449
453096
437824
453560
453683
453684
748023
454011
454167
454322
454361
454408
454436
798571
454687
455012
455035
455046
455060
455088
455116
455448
455484
530076
654620
455623
455692
455717
455741
455758
61539
455940
456004
456015
456068
456233
184213
456291
597165
456551
409155
456659
456685
456693
456748
456901
456954
10352
457203
457235
457414
111673
457521
325772
457774
458214
853931
458473
458770
458793
458966
459043
459070
459131
459259
459263
459367
459475
42919
459702
385004
507287
460011
460066
460206
460233
460345
460521
432256
460618
460900
461018
461069
461173
461220
461412
461552
461629
461636
461724
461735
461832
461847
461923
462036
462182
462184
462265
182821
463292
463490
463504
463527
463539
463567
463636
463716
463796
464152
42364
689023
464610
464888
541344
711880
465329
355955
46168
465477
985047
465774
465788
465814
465892
466033
466259
466270
466549
466556
466581
466626
466953
466999
467167
467389
896969
343519
467557
467589
506389
467726
467742
467824
467828
467850
467860
432524
468234
468528
468901
469347
469415
469443
469461
469503
469530
469664
469753
469761
469792
469825
470117
470246
470883
470908
470921
632813
471134
972031
471173
471299
708728
471434
471657
471898
471998
99840
472257
601354
472316
472333
679938
472653
472702
472822
472893
473004
473088
473181
473245
473258
473335
473350
997400
473436
473671
473761
601259
473884
473979
474008
474101
474149
474467
474547
474637
474747
475071
475224
303851
475257
475285
475394
475491
475526
855316
475616
475794
606967
475813
476429
476488
476669
476805
476886
476908
19345
195739
477000
477051
477055
477215
477274
193085
477629
477662
477788
477886
477922
478065
478261
478353
478391
478409
478439
478471
478610
478673
478714
478753
478765
478800
479050
48287
479351
479434
479578
479614
479758
479945
479959
480016
480049
480099
480189
480320
480347
480413
480429
480444
480474
480533
480677
480865
480987
481084
481111
481270
481285
296802
481386
481542
481576
481694
481704
137680
481791
481900
481938
482068
313470
482077
482097
274572
482281
482300
167040
482412
482494
482695
881272
482802
482835
483410
988118
308925
483561
483835
484008
484016
12425
484420
484510
484721
484771
484836
484859
485204
485269
485446
485452
485486
485523
485534
350048
485602
485612
485636
61357
485732
485749
316249
485873
485896
485978
485988
486015
486182
486202
486321
570135
486468
486533
54925
486605
486744
486822
486909
433243
487188
487304
487356
487364
599788
487459
487503
487557
487565
207950
487748
487808
487939
488064
27733
488223
488294
488437
208776
121001
489095
489176
489184
489398
489503
489524
489585
489603
489630
489633
78528
489892
490022
490025
490149
490271
490313
490774
961373
491073
491085
491146
491321
491515
491667
491739
721719
491999
492000
492218
492270
492300
360696
492361
492364
492436
385144
492633
492640
493029
493137
493157
493622
493628
493890
494019
626977
494098
494420
494649
494757
494926
494977
495145
556223
495378
562966
495419
392740
495546
495599
495630
495755
495886
495998
648411
496267
287219
496569
277112
496755
496801
496842
793333
497008
497122
497140
497174
497273
497281
214108
497531
497676
497805
196422
498259
498381
498395
498488
498548
498613
498620
414659
498638
498688
498792
499007
499297
499389
499451
499914
499985
542335
500120
500179
500275
635144
500428
538971
251303
500859
500968
518288
832084
501133
501168
501293
501330
501342
501430
501510
501564
333252
114314
501914
881710
502189
502221
502267
502291
502372
98470
502501
502531
502564
502743
242338
503087
503280
503343
233369
503399
503451
503529
503539
503727
503818
503855
503856
503917
89008
504004
504156
504312
504494
504592
504739
504814
505187
505396
996630
505433
895751
505494
505572
505718
505787
505862
506069
554151
506170
506329
564566
506384
445660
506412
887552
506677
506698
506891
506963
507205
507208
507268
459767
507316
507498
507577
507618
507829
560502
507891
507976
508116
508166
508213
725297
508390
508392
508717
508767
508924
508956
509005
464491
509150
509219
509328
509444
32018
509742
509841
509906
509931
917714
510520
510743
510748
847484
510841
510914
510916
510954
511045
511070
511105
96249
511441
511616
511745
511760
511900
511902
512081
512135
512199
512296
512822
512838
193011
512924
512935
513010
513278
513359
961724
513574
634949
513747
513799
513968
514310
514372
514626
514715
514823
407910
722745
272124
515093
623688
515598
515705
515707
205156
515775
515802
515893
515916
965085
515958
516164
516342
516388
516395
516447
516612
516787
236132
516947
516952
517048
734625
517264
517388
517408
517558
517558
517770
517968
518149
518156
317603
580726
518342
518360
187334
518392
518594
518623
518748
518793
806636
518831
518842
518965
519022
519048
519109
366156
519496
519718
519911
520094
520095
520376
520550
601579
520801
520814
871416
521116
521175
96272
521314
521448
521477
521683
639528
521749
521916
521932
522033
522274
522365
522465
522478
522539
522650
522834
523218
523224
523242
523273
523513
523518
14675
523770
523797
523900
523980
524003
524106
766887
744582
524296
524346
524391
524487
524564
245944
524830
524869
524891
525015
525303
525508
525835
526220
526235
526261
526552
526584
526685
526744
526761
526782
526862
526881
798642
526947
945961
527292
527394
527466
527510
527670
990936
527710
527735
527809
527910
527927
527990
528004
869812
528042
528194
528258
528286
59635
528440
528606
775732
528734
528837
599594
528977
528979
529180
529313
529399
60349
529615
529668
91467
529831
455557
530129
530257
530345
249303
530814
530916
531056
531063
141543
916899
666701
531491
531505
531628
531852
597577
531913
191308
645112
532123
532226
912336
532458
532475
532670
532823
532860
653051
532964
533110
533204
533362
533495
533497
533572
533733
533750
533834
533879
533997
534053
534232
534284
534289
534459
799831
534651
534670
382707
154668
535632
818018
535780
535853
536072
536079
536152
536219
536272
536287
536378
711246
536975
537094
537204
537480
537630
537642
537653
354097
537763
537897
537956
537957
84003
538123
125458
538210
538325
538757
538761
538774
500743
539061
539063
539121
539193
722875
539263
539351
539554
539623
194496
813641
872228
539805
539872
539937
540102
540346
540637
540648
540783
541039
541044
952091
541070
868610
541314
465147
541433
541522
541711
541730
541765
541788
541874
541997
210627
542162
542165
542191
95640
542247
633628
542335
542432
542503
542535
542691
542692
542776
542897
542974
543342
543402
543772
543928
856888
544098
233275
544565
544579
544611
544898
544907
545012
545020
545200
303189
545457
545533
545633
545636
771010
545706
545827
545929
186179
546205
546301
546770
546818
546886
546994
547049
547059
366235
547093
547169
547181
547257
547362
547791
547859
547935
548002
548133
548340
548426
548429
7787
548468
548658
548668
548821
548838
549216
549412
549430
549653
549781
549886
549934
857805
688396
550298
550338
550695
550712
550972
551092
551132
551190
551443
551606
551755
288267
114100
552004
552176
552584
552606
552693
552851
552915
552969
553025
553410
553523
553526
553543
553648
553648
553841
129154
506135
554427
554608
554818
883755
555176
555273
555288
555316
555448
555565
555607
555634
555654
555821
555927
555966
772777
495185
556335
556508
556594
556609
556625
556778
62509
556961
293085
557083
557197
557227
557408
557760
557785
557805
557835
557880
558245
558377
558521
558544
558727
558764
558860
624911
559065
559102
559128
559213
559270
559276
879759
559434
559471
924109
559604
559686
831714
976624
560250
560283
560479
507885
560697
560712
381384
560870
560945
561005
561085
561136
561152
561511
586398
561737
658801
561893
562098
938916
562437
562491
562505
562524
562567
562578
562623
467390
562811
562860
57088
495414
563027
563065
527248
563565
563662
221580
563990
764887
141185
564229
447066
564246
39000
768929
591643
506361
11351
564593
564658
565017
565168
565279
150251
565490
565531
565644
565650
565657
565853
19478
918612
566059
566217
566357
566486
566521
566602
566619
566634
566642
566644
566665
265392
383400
858136
567016
567085
491911
567253
567279
303109
567431
567622
568191
568205
568305
16483
568520
568667
568730
569051
569064
569180
174621
569569
569824
265125
569970
570055
570074
570128
486333
570217
570279
570388
570469
570490
803683
570668
570785
574578
570904
570928
570937
405123
571066
683953
571155
237260
571455
571581
571600
571623
571679
15150
571813
572091
60476
572181
572367
572544
572743
572948
572994
573044
573077
573251
573319
573411
156005
573477
573499
573657
574050
76789
574344
727395
574451
574463
574477
574499
556118
574508
574530
574561
570816
574589
574758
574770
574956
575066
575068
575077
575081
575315
233708
575427
575462
575634
575695
575948
576050
576088
576090
576095
576150
576261
576270
576280
723996
576599
576718
576788
577048
577190
893630
577402
577436
577580
577610
946645
577945
578058
578227
578337
102741
578634
578635
578642
578656
578698
578731
251914
75063
71514
579102
579231
579267
579351
579359
579459
579487
383430
579555
579632
723841
287149
579784
579812
226431
579856
579932
580298
580331
580417
580523
452153
580626
580669
501037
580759
580789
580851
580986
581379
581388
581418
581453
581580
581621
581647
582258
582319
582337
582428
582698
214256
583011
346266
583451
349250
583505
401472
583524
583588
583834
583900
584068
584178
584286
584378
584428
584439
584509
584600
584696
584793
584811
584930
585032
355485
585056
585142
585268
585397
585416
585666
585705
585777
585785
585902
586101
985961
561577
742795
586451
586843
586874
586958
587075
587084
811860
587249
587253
587467
587724
588022
588176
588213
588227
588263
588265
588283
588286
588423
588697
589118
589121
589288
589297
589444
589455
589643
589764
589926
589936
319132
590056
590153
590296
590330
590549
590593
590636
590653
590668
899803
590854
591124
591139
591162
564518
591661
591721
863654
591879
576587
592042
592075
592199
592374
592427
592585
592667
592734
592796
592839
592858
151552
593140
593212
121516
593404
593449
825764
593755
593834
593846
593957
594298
594496
594596
594668
594687
726995
595088
595282
595300
595307
595330
595436
653787
595684
595691
595819
596291
596294
596403
596456
596512
596567
393403
596584
596585
596784
596795
596829
596833
596847
596882
596939
597009
597063
597080
456462
597233
167299
597460
597525
766188
597653
597675
597978
598278
598355
598432
598517
598630
598769
598798
598949
599182
599436
712404
113999
599638
599664
487399
599901
599976
55063
600585
600667
601031
473811
407437
601290
472312
601451
601489
9647
601530
601554
520594
601626
601848
601940
602219
602337
602414
450630
14398
602713
602808
602919
603122
603130
603247
603305
603554
603564
603567
603637
603674
603908
603921
603957
604186
215826
604409
604798
604880
604987
223507
605234
605291
605414
605463
187955
605738
59286
605817
605921
606055
606255
606446
606796
62459
606981
606994
607202
876208
625522
607782
610095
607997
608019
638987
608185
608580
608583
608683
608760
608917
608919
608921
608935
608942
608969
609034
609125
609417
609500
609587
609661
193271
609859
609969
610079
873446
610186
610388
610400
992733
610810
610909
611044
611087
611198
996341
611287
611439
611691
611786
611862
612307
612401
612445
612550
612552
70103
528913
612780
612789
612856
613193
613225
648194
979538
613315
613512
613652
613695
613710
613725
613754
613867
748260
614034
614418
614593
614684
614712
614814
796996
615071
615310
690985
615706
615821
615852
615871
640739
616067
616090
616091
616133
616568
616716
617370
617444
617512
617571
40438
617628
617849
617874
618065
618087
340909
618249
618336
618396
315070
618611
776727
618880
618896
618958
619173
940466
619502
619530
619537
619680
619793
619818
619876
619928
620022
620022
620093
620117
620143
824060
620216
620253
620577
620654
620671
620703
620810
620928
621056
621245
621371
621504
621606
621767
622104
622129
622131
622206
622263
622343
622412
622578
622734
716220
622863
16522
623150
623162
623350
623596
623604
623608
515392
623933
624127
624213
624395
625992
624466
624642
624680
624802
624827
558946
624911
625077
625093
625094
625105
625150
625229
625275
625343
625349
354858
625688
625750
381011
625850
625864
625981
624408
626110
626191
626241
626298
626384
426214
626677
626768
884947
627154
627323
627327
627409
39401
627485
627523
627541
627753
627888
627988
628073
628103
628120
188802
628530
628667
628716
628872
629088
629137
629252
629256
629272
53138
629541
629567
629823
629947
629972
630122
630180
630329
630338
630454
630652
630781
630938
338189
631136
631215
631391
631766
631916
631971
822780
632601
632719
632737
632798
470928
632814
899485
632890
633127
633148
633338
749347
261076
633547
633548
633574
500093
932082
633695
993708
633718
633778
634015
634052
634235
634375
634381
634407
634410
408854
634591
634828
161247
634986
238869
944136
635122
500418
635203
635317
635406
635492
635510
635806
635862
635942
635949
636094
636117
636406
2058
636881
636910
827288
636988
50963
637069
637179
637274
637317
637516
637730
637752
637828
637890
637956
637996
638147
638426
638592
638682
638745
638790
638851
157177
608107
639062
639240
639319
639462
639470
521700
854180
639556
639567
639705
639946
640037
640123
640146
640147
640194
640254
640296
821312
640566
616043
640834
640895
641136
641190
641507
641507
973196
382589
641768
641801
642078
642149
642165
642194
72761
642218
642461
642509
642831
643268
433685
643736
643741
643946
643968
644117
644333
644530
644610
644826
645071
532085
645142
645146
645193
645298
645344
645346
645492
645605
645633
645640
26117
645927
645934
646074
646200
646305
646363
646389
163385
646515
646658
893375
646790
646882
647171
647297
647417
647604
647689
647689
647712
647776
369839
647837
647838
647969
613269
648265
496012
648433
648513
648625
648681
648801
649015
649396
649404
649418
649453
649650
649932
183606
767525
503365
650341
650427
794953
650612
650657
650889
32680
651380
214129
651597
651839
652385
54004
957305
652577
652613
847888
652819
672390
532879
955439
653083
362356
653330
653409
653447
653533
374102
653649
653692
653712
595575
653992
654360
654479
654493
654581
455569
654648
654740
654793
654824
654863
336200
655107
655194
655226
655277
655280
655356
655480
957067
655586
655629
655652
655683
43995
655721
655886
119480
884332
656091
982911
656269
656299
656332
656419
656428
656470
656507
656620
656648
656703
656982
657055
657107
657156
657182
869262
657259
657284
657578
364386
657765
657795
657895
880304
658070
658377
966959
658475
658513
658628
561852
658945
659139
659167
659510
659532
659744
659745
659761
660240
660254
660389
660799
660830
660882
661157
67401
661370
110962
661591
661723
661770
661782
661929
661962
662307
662631
211839
663149
663175
663220
663350
663439
663539
53667
663711
664389
664459
664633
664720
664830
665076
665097
665190
257847
665641
665858
666011
666054
666160
666326
666587
666669
666680
531396
667014
667102
667173
667263
667271
667279
475249
667434
820262
667586
667602
667895
296556
668167
668342
668468
668477
385896
668572
668584
668623
69619
668930
961106
947980
669201
710120
669433
669471
669522
669523
669602
669802
669807
670222
92065
670524
670651
670906
671123
671256
708620
671793
672076
672098
157034
672162
672185
396292
672235
333966
672295
652866
672453
672459
672554
672572
672760
256634
673114
673157
673177
673462
673613
673701
673737
673759
674026
979340
674348
674543
674671
674679
674862
675241
675308
675334
675459
675653
675657
675725
675929
675965
676221
676227
620156
676597
676745
676777
676809
676825
676952
676968
338564
367628
677369
677502
677505
431026
677925
677941
677984
678056
678153
678203
678209
678635
679175
679221
679236
679412
679510
679719
679730
679877
679935
472607
679945
680026
680192
870814
680681
680720
680746
680781
680786
680856
680886
680913
680966
680997
681027
409285
843049
298483
681212
681213
681662
682137
682151
682299
682336
820539
682438
682617
682656
682708
682786
682922
682972
682981
682981
683021
683290
683483
250428
102727
683918
683937
571067
683983
683994
128171
684535
684553
684777
684818
689081
684962
685198
685299
685336
685536
685636
685694
685922
686190
686273
686343
686388
686408
686436
686486
686630
686735
686762
686805
687212
687292
687388
687473
687478
687493
687586
687614
54588
123829
687867
687910
688073
688386
550218
688445
688521
688583
688740
688754
688825
688894
509031
689047
689060
684962
689131
689162
885953
689271
647823
689321
689379
689401
689610
690212
690271
690466
690550
198063
691336
68680
691407
691540
691593
725262
692010
692104
692153
183796
739889
692620
692664
988317
693052
693133
996108
693333
693404
693554
693782
693798
969174
694295
694464
694568
694637
694645
695125
695168
695217
695246
695521
695587
695644
695761
695888
331492
696164
696220
696240
971930
696373
696417
696448
696473
696512
34824
696608
697170
697203
994761
697340
697473
697519
697596
7342
697731
697787
697822
698013
698078
698143
698224
698389
698460
698565
698732
698736
698776
698972
699022
699056
699111
699126
699369
699422
699440
699469
699528
699701
699922
700042
700142
304153
700365
700366
700377
410266
700510
700684
700694
700831
701181
701270
701443
701633
701637
701802
701823
701934
701959
702036
702055
702105
161515
702313
702688
702751
702804
703013
703133
703234
703270
703293
23247
703383
703451
703465
703467
703474
703536
703547
703601
703977
704044
704062
168704
797933
704567
704598
704670
704714
705086
705118
705285
705301
133025
705338
705470
705530
705644
705702
13993
706065
706175
706394
706514
706533
706642
706666
706728
706767
706954
707130
707198
707250
707252
707277
707285
707396
707565
707640
707672
707936
708155
708600
981679
708712
471360
708907
709110
709163
394489
709503
709562
709671
709911
710021
710068
878029
710236
710656
160445
721085
710962
711059
711091
711128
270981
711525
711551
711569
711569
711734
465254
711908
339792
736929
711999
712016
712275
811044
599478
712485
712714
712716
712718
712772
712913
712917
713183
713249
713266
713281
713325
713553
713661
713764
713792
713875
713986
714010
714107
893632
304482
351988
714655
714781
906988
715115
715209
715375
715379
203612
715512
715556
715577
715579
715621
715661
715723
133327
715795
715823
715839
715846
715876
715930
716193
404117
716441
716457
716805
716813
716895
717102
717139
717291
192567
717495
717525
717919
717943
718091
718162
718218
718338
718471
718601
718610
262531
921965
718962
719008
719033
719047
783632
719220
719347
719397
719530
743295
719954
720015
720114
720229
720241
720257
720707
720740
720866
720944
721018
721048
710703
721192
721199
721313
721340
721342
721494
721527
973060
721531
721539
721647
805404
721882
722028
722162
722173
978260
722238
209773
722371
722723
476934
722805
722861
923267
722991
723065
723072
386551
723159
723242
723329
723684
723709
579649
723898
723902
723961
723974
592000
724352
724400
724418
987641
724448
724473
724711
724857
724937
725175
691917
508321
725315
725378
725562
725843
725908
726618
726627
726648
726661
726661
726726
726829
726833
726934
726945
114950
594859
727038
727166
727171
727190
727370
727386
574407
727613
727643
727828
727946
728188
728253
728300
883228
728402
728742
728826
729177
729302
968838
729683
729799
729889
745397
730066
860989
730275
970525
730459
730631
730722
730727
730775
731046
766945
731160
731245
731320
731355
731358
731730
731838
245755
731988
732065
824920
732887
79817
733147
733212
257909
733322
733372
733471
733477
733528
733658
733734
733767
733857
208394
734070
734106
734159
734218
734247
960101
734361
734510
42867
734532
734539
517100
734633
734703
734804
734901
734979
735043
138235
496924
735666
735694
735737
736372
736521
736526
254603
736785
736872
711990
737298
737331
737390
737392
737618
737644
737781
737963
738066
26016
543945
63092
738711
738753
738786
738799
738823
738837
738896
738907
739211
739383
739402
739520
739666
739667
739764
739774
739822
739851
692429
739899
740243
740246
740285
740328
740370
288319
740570
740614
740617
740763
740884
935593
741150
741350
741445
741466
741489
741611
741669
741675
741737
741979
741987
742084
742227
742255
742306
809904
742481
742487
742544
742582
742585
742636
586411
742856
742918
742922
742926
742937
743017
743068
743113
23285
743160
719724
743298
743518
689286
743614
743734
743775
743779
743841
743978
744010
744016
744028
744401
744508
524207
744645
744781
515054
744795
744952
744997
745047
745125
745255
745297
964702
745358
729951
37451
745472
745682
745796
745890
746021
746436
311142
746479
746485
746534
48184
756265
746805
746911
747020
922515
747303
747422
747649
747931
747971
747980
453691
748189
303183
748324
748389
748551
748739
748766
748806
748935
748958
748975
3988
77025
749440
749575
544381
749917
750052
750096
750157
750161
750226
750243
750419
750510
750758
750778
750897
751004
784985
169597
751147
751311
751480
751652
751904
751916
752036
131813
752135
752364
752466
752478
752579
752661
420868
752803
164424
752930
752956
752993
753028
753091
753138
753271
435665
753469
753525
753555
753612
753758
754034
754404
49576
754484
754531
754710
754760
754791
754890
924412
754965
755036
110347
755071
755090
755391
755445
755534
755848
755946
756103
756172
792317
970229
756589
756738
756808
756854
126670
756875
756915
756983
756985
757000
757273
757761
758257
758300
758560
758620
328809
758912
759026
759207
759213
759346
759421
13634
759535
56165
759565
759916
759931
760000
760041
426789
942485
760295
760567
760625
760627
760681
760718
760737
760822
760867
760870
760903
760912
760930
761429
761536
761568
941034
761883
101893
762025
334145
762293
762366
762431
762435
762516
321873
762729
762788
762935
763181
763227
818427
763558
763565
763587
763733
763862
764021
764031
764046
764113
764122
764193
764289
764293
764424
764466
764591
764636
764648
764731
764845
564092
765011
765105
765135
765146
765165
992251
765178
765313
765393
765530
765598
765600
244742
765733
765804
765832
765869
765885
765940
766174
531892
766203
766727
67272
766820
524148
766928
731046
766984
767061
359445
767105
767178
767190
767303
767368
767371
650292
767700
767819
767870
767900
767970
767984
768104
768109
768435
768446
288174
251607
768645
768667
768670
415474
768772
768891
564512
768948
768980
769079
769177
769260
769272
769365
769388
769512
769522
769611
769698
288598
769896
769907
770084
770172
770257
770387
770521
770613
197736
770660
770750
770781
770882
770886
310296
771005
545693
771124
502391
959959
771410
771586
771602
962167
771688
771796
772173
772387
868583
772771
376436
772784
772838
772919
772941
772968
773223
773305
773327
773448
773462
773520
773585
773764
773851
774026
774319
774879
774978
775043
775065
775102
775123
775127
775153
775165
775271
775446
775466
775481
830082
528727
775829
775829
50804
776114
776324
776334
776552
776572
776585
776609
776672
892028
618625
776740
777021
777031
777044
777353
777444
777506
777581
777587
777653
777759
777817
26548
778110
778152
778181
778296
778325
778395
778418
778494
778614
829940
820439
779182
779233
779260
222162
779365
779506
786482
779904
780034
780042
780054
780201
780213
780443
780533
780783
781207
333943
781399
781420
781455
781573
781626
156301
782039
782182
782233
782520
782608
782769
782769
782791
782842
782966
783106
253625
783181
420364
816725
783929
783951
783978
783986
366122
975020
784035
784283
784378
784546
784603
784748
784980
751036
784987
785027
785036
785040
785119
785334
785441
785515
785709
785855
341620
961247
779604
786557
786715
310498
786842
787005
787044
787069
787252
787290
787297
787329
787457
787484
787678
787769
787901
787904
787923
788118
788137
147048
788172
788465
788830
788973
788978
789084
203361
789376
789459
789603
789700
789740
789783
789865
789922
790013
790106
790194
790195
790289
790416
790657
790664
790770
791030
791050
791160
791186
791444
791499
791606
791626
791809
791954
791999
792098
37010
501619
792348
792361
792398
792475
792736
792763
792873
793056
793096
793103
793200
793277
735392
793527
793711
869313
793813
794436
794506
794593
69733
794619
794689
418181
794797
794922
696542
794977
795092
120917
795211
795289
795356
795356
795469
795515
420686
795691
92650
795923
796032
796076
796114
796136
796308
796424
796492
796510
796657
614958
797016
797019
797038
797117
797169
797365
797514
797618
797691
797923
704415
798215
798384
798569
454460
526933
798648
21949
799033
799035
799070
799159
799343
799715
799731
799753
799787
534509
799855
799916
800009
983501
800116
800240
800320
800401
800416
800436
800523
800523
800535
800762
800808
940464
800966
801572
801638
253692
802066
802140
802227
802281
361410
802329
802377
802419
802715
802760
802761
802883
802969
802995
803172
803237
803327
803563
803587
803602
570648
804104
804537
804582
804719
978202
805171
567196
805580
805662
805793
805848
805848
806055
806121
806525
518795
996398
425658
807563
807619
807881
807911
807978
807988
808111
808386
808414
173275
808680
808684
808848
808888
813053
57638
809104
809225
809257
809292
809437
809443
63238
809683
809851
742396
810493
211450
810769
171171
810844
712365
811271
811399
811419
811473
811675
811717
811717
587168
811868
811919
812268
812297
812499
812577
812691
812756
812969
812974
813050
808888
813134
813156
263995
813258
813265
813363
813541
813589
813605
539713
814216
814233
814238
814299
274426
814438
814531
814548
814778
815090
815106
815344
815397
909633
815471
815524
815532
815759
815925
816030
816058
459744
887061
852949
816831
816857
816878
817022
851026
817046
126930
817222
817253
817553
817579
817711
535718
818101
818161
818305
818362
763544
975899
818555
818714
818718
818737
819050
819064
819080
819124
819187
819474
819547
819586
819678
187939
819990
820004
820054
817204
667585
820303
248644
778915
682350
820577
820608
820652
820844
821072
302588
821581
318005
414338
821831
821837
821853
821927
822149
203765
822479
822655
399027
632310
746676
822958
47936
823131
823242
823356
823376
823579
976420
11779
823908
823915
874277
824221
824446
824507
824729
824729
824783
895619
824852
824919
732669
824983
127518
825157
825436
825491
825724
593491
825886
825961
825988
826239
826287
826404
826470
157961
826803
826976
827042
827117
852998
827308
827368
827498
827538
827648
827768
827802
827986
828095
828313
828448
828815
829035
829196
829300
829445
771284
829531
457584
829650
829653
829676
778708
830033
830040
830072
830078
775514
830117
897220
830479
830693
830759
830806
830867
831040
831090
831227
831336
831437
831621
559933
831729
831908
831951
832077
501040
832180
832451
832490
216443
832961
911197
833275
833655
833935
223668
834430
834491
834581
834640
835114
835310
835364
835605
835688
835702
835782
835906
128122
350602
836189
125161
836462
836499
836675
836783
837096
837260
837331
837453
837480
837694
838078
838206
838254
20953
838442
838626
838902
838916
839219
840125
839376
839377
839566
839595
839640
839698
839734
839788
839791
839888
839924
839955
839959
341060
840218
840590
259028
840765
840779
840872
841028
841044
841164
841283
841293
841383
841506
841621
841892
841927
841943
842121
399319
842149
842201
842212
765165
842535
842635
842829
842913
842920
843030
681047
311720
843309
843341
843361
843408
385424
843507
843525
843686
843778
843860
844119
844136
844173
844182
844359
844370
844378
316139
844547
844577
844705
844723
844950
994738
845122
845132
845245
845359
994860
845702
845853
205046
846052
846273
846460
846553
846737
846770
846776
846932
847008
847038
847126
155222
297628
847318
847320
510793
847616
847621
847780
847794
847818
847837
847844
652696
847951
848022
848230
362469
848477
848578
848630
848682
848692
848726
848838
849031
849189
849601
849632
849931
850047
850096
850143
131505
850342
850344
850346
850375
850522
850541
850569
850721
850765
850805
850835
850913
851011
68664
851152
851398
851400
851428
851452
851793
851796
54835
851856
852017
852147
852218
852357
852410
852466
932719
852862
852924
719217
424481
853051
853057
853090
853138
853230
853231
853429
853465
853489
853606
853631
853853
853899
853909
458324
853942
323217
639547
854328
854336
854366
854453
854515
854643
505486
854710
854766
451355
151504
855281
374267
855425
607208
855565
855866
855977
856067
856107
856385
856545
856591
856666
856717
738173
856910
856945
661177
857126
857744
857755
857770
549970
857821
857955
857965
858038
566939
224849
858374
858447
858745
858968
859016
859034
859113
859114
859123
859211
859244
859391
859456
859517
859604
859626
859670
859736
859856
859921
860026
860162
860262
860344
860437
860494
860571
860579
860581
860689
178810
860778
860850
860946
2525
861040
861147
861186
993026
861527
862001
862152
862256
862379
42207
862765
863287
900843
863563
863595
863653
591738
863664
863667
863904
916645
864282
977709
864699
864998
865048
865114
865154
865190
865203
865240
865411
207647
865508
865715
866085
866155
866242
866492
866495
866611
866636
866774
866835
867153
867158
867161
867218
867249
229878
867253
867441
172677
867821
867843
867892
867945
867975
868285
868286
868372
772501
541256
446495
868747
246303
868825
966444
868985
869035
995269
657202
869289
793777
869390
869537
869544
869579
528008
869833
869958
870030
870074
870081
870142
870166
870217
870280
870437
870765
870798
680372
870856
871107
947878
871177
17292
871262
521074
871438
871447
871630
871712
871765
871911
871941
872141
872150
539747
872330
872437
872476
95117
872748
872769
872799
872880
873078
873408
607985
873461
873910
873919
873958
874099
874141
874158
267883
676347
190647
874637
874696
874808
874832
874851
875102
875190
875501
875511
875534
875768
875860
875862
113565
842403
876161
569846
876295
277348
876310
207994
876374
876389
876863
876920
876962
876978
876985
467618
877361
877425
877506
877783
877871
877885
877896
878000
669345
878175
878229
878304
878330
878353
878629
878680
878687
878710
878735
878819
332408
879073
879231
879232
879288
879356
879373
879462
879608
879632
559416
880078
880130
658013
880367
274849
978601
430652
270677
880748
880769
964866
881075
881079
881256
482752
881272
881289
881306
881488
881540
881628
881643
501936
881790
881933
881956
882001
882065
882077
882146
882584
882668
882922
882938
883118
320508
883432
883462
883484
883539
883717
555064
883969
884004
912233
884144
884156
893116
884308
655935
884374
884549
884625
884716
884746
494039
884986
885118
885131
885135
885256
885388
885477
885495
885593
885608
885935
689236
885963
886100
886164
886236
886369
886536
886569
886626
948335
887016
816479
887121
112181
887480
506603
887734
887789
887812
887852
887898
887964
887995
888270
888273
888356
888426
888515
888649
888946
888981
889057
889079
889437
889581
889618
889661
889685
889733
85124
890278
890295
963734
890517
890573
890593
890696
890799
890964
891031
891088
891219
891282
891390
891394
891414
891475
891488
891500
891618
62480
891994
776688
892054
892076
892217
892345
892348
892351
892396
892429
892436
892586
892674
892868
884300
392951
646751
893628
577281
714246
893700
893926
893943
894071
894273
894526
317848
894723
894805
894883
895005
895104
895481
824848
895724
854679
896024
99958
896135
896247
896420
896511
655505
896818
896911
261143
896982
830316
897672
897762
897915
898187
898196
898338
898379
898565
898791
898902
431378
341277
632889
899550
899677
590695
900327
900403
900642
900697
863321
900868
900939
970630
901502
901548
901710
960503
901873
902301
944007
902478
902700
264154
902945
902959
903305
903445
903473
903579
903604
903640
537703
903832
903916
416758
904284
904301
904349
904582
904627
904656
904839
904847
904861
904871
904874
256888
904986
163488
905628
905761
905829
905873
905917
906236
906245
906375
906421
906486
906604
906637
906662
906707
221464
907246
907281
907439
907462
907487
907491
907752
907769
907807
907828
908070
908163
908168
908276
908326
908382
908773
908988
909189
909195
909216
909262
274935
815411
909696
909710
909753
909760
909809
910111
910155
910187
910412
910415
910590
910764
910805
910810
910895
911126
832980
911212
911240
59063
911675
465354
314632
912199
884094
912235
419162
532322
912368
912374
912379
912468
71353
912818
912907
912988
913108
913261
913290
913615
913694
25036
913961
914059
914131
914315
914655
914711
914937
914962
915049
915370
915428
421779
915541
916059
916192
916198
916202
916232
696343
233932
916453
864068
916674
916763
531344
917160
407528
917263
917419
917531
917592
917684
271020
917880
917885
917885
917890
917984
918074
236489
918193
918316
918322
918478
918535
565993
918652
918695
918872
918881
919009
919113
714591
919268
949295
919454
919650
919758
919891
920006
920122
920208
920602
920881
921225
401258
921551
236472
921594
40750
718911
921978
922456
922493
747205
922615
922720
922867
390885
923438
44606
923630
923695
923967
924058
559545
924293
924357
789169
924558
924618
407693
924756
924785
755037
924846
925229
925260
925512
925569
925724
925909
926007
471171
926095
926209
926320
926487
926506
926516
926548
926656
926974
927220
927289
927348
927448
927455
927504
927516
927567
927570
927935
928119
928226
928236
928369
928468
928476
928485
928533
928576
928614
928758
408082
928841
928991
928996
928999
929178
929203
929369
929571
929661
929748
929925
930079
930274
930459
930486
930577
930644
931035
931133
931134
931261
931276
931343
931459
931615
931668
931673
931710
931764
400943
931819
931940
931948
932071
633671
932272
932294
932379
932387
932467
932473
932585
932683
223330
334576
933208
933235
933371
933500
933526
933747
933800
933905
934034
934043
193652
934086
934382
934387
934551
934602
934603
934808
934841
934983
935031
935056
935208
935280
935589
740905
935879
936126
936164
936480
936558
936581
936866
936873
937123
434895
937212
937250
153079
937458
937576
937763
937899
937901
937995
938094
938323
938339
938372
938374
938380
938470
938484
938730
938787
562152
939010
939049
939337
939510
939621
939628
939836
939974
939998
940022
940248
940294
940435
800959
619311
940576
15445
940806
940941
761571
941144
941151
378382
941284
300605
941557
941563
941571
941626
941821
941918
942006
444251
942127
942172
942177
942255
942269
942444
760070
942516
942579
967077
942962
943029
943217
1131
943233
943441
943669
943768
943784
943944
442425
403516
635045
944241
944415
944481
944546
944550
944763
944778
944784
96164
945305
191151
435524
200828
945964
946476
577737
946720
946721
946891
60791
947135
947136
947296
947373
947851
871133
947904
947930
669192
948075
948087
948096
229507
948339
948393
948491
948517
948804
949087
949156
949200
949254
919398
377398
949443
451190
949635
949716
949726
949806
949915
949934
949984
950019
950091
950260
351248
226058
950735
950856
268849
950984
951030
951069
951344
951371
951442
951469
951547
951567
951753
951873
952028
336332
952105
952116
952305
952330
952361
952452
952497
952516
952579
952710
952757
952880
952984
953018
953247
953292
953302
953420
953613
953885
954043
954156
954264
954474
954571
954867
954989
955392
653056
955555
955711
956166
956248
956295
956457
956617
956686
956836
956853
957001
896718
957113
957239
652535
957322
957341
957363
957747
958103
958109
958123
958144
958214
958261
958293
958388
958404
958523
958742
958798
958861
958878
959065
959400
959472
959530
959639
959664
108933
959727
959931
959947
771317
959965
734303
960124
960157
960194
901775
211785
960548
960582
960737
960771
960821
960866
146530
961126
961190
786193
961359
490810
283291
961690
513420
961816
961980
962083
771638
962498
962610
160901
962643
820330
962733
962883
962887
963017
963092
963394
963419
69786
963608
963655
963689
890311
963800
963817
343237
964035
964139
964206
964364
964373
964404
964629
964662
964684
745308
964788
964865
881057
964933
965047
515953
965180
965482
965539
965598
965776
965805
965975
966070
966135
966168
966176
966241
966250
966269
868967
966591
966607
966628
966740
966798
966857
372739
966980
48055
967412
967555
967573
967607
967674
967767
150489
968009
968317
968354
968380
391522
968566
968633
968649
968738
968833
968835
729654
968931
969036
969129
693948
969190
969286
969421
969483
969858
969910
969937
969962
970014
970100
970127
756281
970243
970520
730422
210169
970565
970595
901376
970677
970709
971016
971024
971100
971228
987865
916245
390382
972083
994994
972415
972446
972652
972680
972826
721530
941544
441711
973402
973418
973589
973736
973950
973983
974112
783310
974149
974767
974783
784035
975377
975503
189256
975538
975553
975614
975658
975706
818503
43473
976229
976322
823651
976422
976513
976586
559976
976830
976893
977015
977165
977207
977282
977332
977466
977519
864403
977752
977792
977861
276883
978019
978116
978168
805107
722188
978294
978389
880550
978663
978724
978986
979149
979224
674073
979424
979433
979514
613296
979564
979596
979834
979853
979903
979910
980049
198499
980302
980354
602656
980541
156753
980854
980943
981408
981483
981536
981557
981595
981632
981644
981655
981674
671625
981736
981794
30217
982155
982228
982481
982513
156006
982577
982608
982611
982612
316440
982763
982764
982901
22251
982921
982958
983111
983133
983203
983236
300085
983385
983406
983484
983484
800044
983570
983587
983791
983880
983881
983923
983935
984055
984366
984735
984813
984930
985043
465514
985173
985265
985462
985638
985655
672272
985916
586392
986054
430761
217800
986137
986221
986311
986412
144931
986489
986706
986712
986722
986762
987128
987155
987500
297450
987620
315120
987730
987746
403059
971887
293298
988110
483450
692761
988660
989306
989319
989384
989557
989657
989760
989764
989851
339749
990033
990166
990178
990311
990339
990345
990357
990359
990400
990564
990640
990648
990780
241193
990986
991003
991068
991158
991293
991378
991621
991659
251587
992053
992151
876106
992374
992390
992517
362412
992741
992956
992996
861359
993075
993243
993640
633708
993928
993946
993978
994055
994230
994402
994559
994567
994573
845079
697254
817040
994882
994970
972308
994999
995077
869089
995454
995484
995522
995534
995604
995701
995768
693279
149172
806814
996582
996602
183067
996649
996730
996801
997260
997331
473357
997633
997688
997742
997803
997822
997848
998038
998076
998394
998466
998523
998708
998878
998986
999198
999211
999249
999278
999357
146422
999607
999631
999995