26989
30593
210727
308494
63639
77766
108186
111012
639679
114656
363190
132225
134020
142573
165503
169009
842022
193758
201079
45780
213805
215036
219935
222350
224398
224888
226112
226915
228461
993241
245783
259043
268543
272811
274962
56166
340021
836542
349851
353586
130279
376064
381641
404311
420756
435535
437643
442018
448712
459967
471162
509960
521451
525217
557624
565721
582724
868851
612758
625208
636006
637010
638077
638215
111968
642478
647887
675528
713279
732772
734694
343757
786681
801448
804451
815666
835024
990217
837845
841149
181521
850675
855524
856684
596821
876656
879201
886692
914898
916273
941065
950197
952360
953872
958724
977109
987256
746420
235704
999220