292940
658509
227378
420716
601141
25764
462678
605445
379671
66726
729207
296547
498155
739271
706656
221242
811932
859761
49928
698721
472107
579116
668431
769986
280715
851841
175893
364358
505628
234314
380441
740946
158730
791915
62169
473338
678546
107103
637983
362503
169239
191645
505126
482720
361625
577540
791746
346702
158581
822021
697260
604311
800618
512100
988686
368734
76120
371394
929495
886874
191274
889641
322757
985565
231513
951485
254693
418005
35852
344408
372841
751907
180481
582621
516921
782666
367196
505587
626321
323427
861036
791717
230266
229948
583208
376842
679823
43636
296252
692569
74448
904577
878422
510296
19721
766754
873120
445402
435331
98052
437242
1334
414610
744784
569204
127619
483497
118941
908636
92599
740286
973339
342939
979825
237209
281135
373691
494309
936168
929698
431615
714027
960047
964391
420869
59502
517078
574464
835569
966403
513287
441759
188733
903180
645190
483975
334899
985991
808468
660310
163097
929206
620827
154920
158280
781723
735866
173006
762699
363837
603389
108187
76959
349877
54303
866472
561674
920226
399265
580067
993698
878797
709386
540742
815700
909823
665541
959513
232024
93949
681624
889003
419005
661360
25704
795593
439447
192668
628890
706072
882811
579928
76672
839561
558044
682368
859868
872086
374326
391244
415661
66610
461743
192757
585855
955116
345707
608747
29696
237075
245235
400056
535929
624067
718693
594842
165225
988757
991815
45080
483005
283487
479982
909921
95167
487718
942537
782701
234218
239107
21191
719421
509223
991413
950727
962713
546823
326097
392773
407308
694706
235424
780355
206468
431609
589788
115779
629280
719450
250803
262404
158254
613175
943258
718310
563341
895402
999293
422434
408171
358959
922142
514073
152181
757641
993568
577217
302933
594907
960195
974310
35158
594797
388741
118666
572078
538638
872921
646914
495499
544546
829953
581875
566284
796984
716474
213761
654792
407412
114456
644133
625753
146591
618993
201589
233498
704694
571800
463006
939899
351934
721504
289104
781118
750743
723720
136342
133825
700068
958811
570822
595810
148732
675940
809503
480205
100687
493214
527616
976403
910630
505130
468134
760403
303796
593533
511218
860264
589896
180162
416980
27640
58551
349666
288261
163247
949215
856471
127825
129693
499701
192115
566599
84551
124980
439780
258066
850827
977073
748775
94408
416574
544364
649777
969331
908613
380920
654840
54358
257215
587475
803186
326499
420503
911363
7973
2111
142781
885361
173459
28749
591485
962989
269319
523546
718159
280075
650699
803993
642738
566092
748455
145535
724423
19029
283408
890599
52480
461373
602424
911507
352744
800455
736981
72032
583126
140557
929597
294123
130175
942559
427603
39132
777668
148855
691963
680301
684245
428788
473086
86593
613894
737713
844684
69962
780004
661384
409110
220247
561355
413526
255401
569419
429633
164910
518524
479897
516407
504401
674782
3786
56283
509373
931946
610256
642113
339744
695704
772709
251724
783717
908121
644559
681141
533352
847390
622064
236410
62704
38120
522323
718941
998740
887544
823710
725091
599140
258336
441475
119662
830800
891364
818533
37197
53832
151252
43717
694147
387882
949244
950428
582778
366083
617184
175056
188204
719160
29907
286144
403666
621221
326615
8708
610225
231360
579065
876507
752859
344838
355893
824704
559060
665894
397593
299738
987906
53451
52812
680087
368310
161177
529353
421947
885463
275581
120742
137565
455156
170741
125425
118780
93007
650481
658981
693434
457554
785050
652627
809841
34562
516266
295096
125151
761900
287619
564313
329591
238695
838589
826803
491549
809769
893233
805631
472237
858119
870016
510469
240832
212022
704742
71146
264200
786029
437626
733653
820768
875910
16116
690394
859522
230256
27161
333254
520357
688542
113729
982151
508275
924538
360940
372894
168858
708957
844848
536107
180152
165019
910432
578452
396133
78918
707577
130711
566775
301376
85435
633774
174061
391428
658981
930805
181628
927868
144330
248354
392519
569735
754860
493398
114524
833673
599298
682079
836818
700172
852704
767035
587194
204294
183029
781003
270548
357712
203716
837523
514016
312870
784037
685285
698461
261963
722455
217262
699681
303475
918629
21998
678744
645952
179120
281244
262048
9373
520641
405577
931780
74513
415666
273271
397841
331798
322523
126004
857427
276397
923583
220739
691425
125027
971855
955141
6343
549716
768817
796360
546898
37822
464005
38550
410523
480935
730264
160265
73179
239505
701774
654616
372533
557897
51074
569317
426778
216926
591257
910357
136378
937690
744097
430982
53442
19993
658306
424544
599477
453117
945667
748472
876768
745244
675758
690286
295409
663216
70035
69449
990242
977763
470622
733733
649483
815202
343856
857662
367143
938966
858749
582931
897593
502779
528201
941474
230612
906601
818607
707882
539943
924819
579934
442199
644940
161722
937487
158423
155771
422270
227256
40069
958388
695869
159244
986589
117030
424465
627277
191518
388185
758149
493421
189662
457149
472595
133107
514167
253865
204775
895836
473932
135822
678170
681346
232209
619326
744089
595159
80215
353397
904726
288368
71212
571925
874570
961483
347775
298321
661149
794389
565125
977868
972725
305990
581047
311429
351108
358273
499137
122687
621493
817897
483648
954682
893920
521171
506615
415272
291093
970197
978895
515858
543235
984274
357174
941073
147672
447252
391384
536535
382801
446704
996935
195657
437873
960504
715681
381532
631603
80465
386395
295567
547500
364472
639978
821770
39419
779832
990691
125135
127235
523033
447746
852939
170458
172580
768483
510188
716505
16065
882416
656839
672420
708920
991240
291771
660425
349217
907365
134113
314853
513405
983950
2616
183649
751748
45652
700391
602882
74194
827435
572369
386672
406908
271052
378096
939787
923078
626354
595280
695665
401148
488429
827585
702044
97117
84208
516361
41532
842199
371829
449496
928611
576293
899193
665664
102448
306332
472936
142010
896232
436771
140832
80788
514342
590478
80590
983365
31730
141965
979998
193230
125647
921090
510815
277450
704718
911784
998484
510206
547647
419110
169214
959931
124104
515275
378028
735868
872392
74136
717886
544421
996719
545031
919045
148402
386773
721434
991084
689536
738352
829956
636615
300931
780205
149343
245798
801566
619783
624271
121664
664897
59464
177878
39361
837090
638992
28454
967211
310171
640318
841329
885525
926277
490427
529027
313217
688303
255595
504909
811029
527807
698796
145259
221341
75418
295033
60607
298449
699630
689977
999822
50652
390290
469453
743214
188587
112810
517971
130471
265176
191061
710309
508100
629532
594659
738749
105414
1683
160478
914549
319504
465131
579077
356774
72326
751878
2019
388016
869121
157489
882311
703599
212193
180367
301696
337301
529633
51385
183853
726203
729413
731072
824222
45157
329754
669983
449915
70127
599037
158154
277424
552285
727883
488450
47244
158392
114064
743994
343674
536279
639813
471885