999995
999631
999607
999513
999357
999278
999249
999211
999198
998986
998878
998708
998523
998466
998394
998076
998038
997848
997822
997803
997742
997688
997633
997400
997331
997260
996801
996730
996649
996630
996602
996582
996398
996341
996108
995768
995701
995604
995534
995522
995484
995454
995269
995077
994999
994994
994970
994882
994860
994761
994738
994573
994567
994559
994402
994230
994055
993978
993946
993928
993708
993640
993243
993075
993026
992996
992956
992741
992733
992517
992390
992374
992251
992151
992053
991836
991659
991621
991378
991293
991158
991068
991003
990986
990936
990780
990648
990640
990564
990400
990359
990357
990345
990339
990311
990178
990166
990033
990005
989851
989764
989760
989657
989557
989384
989319
989306
988660
988317
988118
988110
988043
987865
987842
987746
987730
987641
987620
987578
987500
987155
987128
986762
986722
986712
986706
986489
986465
986412
986311
986221
986137
986132
986064
986054
985961
985916
985860
985655
985638
985462
985265
985173
985047
985043
984930
984813
984735
984366
984055
983935
983923
983881
983880
983791
983587
983570
983501
983484
983484
983406
983385
983247
983236
983203
983133
983111
982958
982921
982911
982901
982764
982763
982718
982612
982611
982608
982577
982563
982513
982481
982228
982155
981822
981794
981736
981679
981674
981655
981644
981632
981595
981557
981536
981483
981408
980943
980854
980810
980541
980367
980354
980302
980059
980049
979910
979903
979853
979834
979596
979564
979538
979514
979433
979424
979340
979224
979149
978986
978724
978663
978601
978389
978294
978260
978202
978168
978116
978019
977992
977861
977792
977752
977709
977519
977466
977332
977282
977207
977165
977015
976893
976830
976624
976586
976513
976422
976420
976322
976229
976071
975899
975706
975658
975614
975553
975538
975517
975503
975377
975020
974783
974767
974149
974113
974112
973983
973950
973736
973589
973418
973402
973218
973196
973060
972826
972680
972652
972446
972415
972308
972083
972031
971930
971887
971228
971100
971024
971016
970709
970677
970630
970595
970565
970526
970525
970520
970243
970229
970127
970100
970014
969962
969937
969910
969858
969483
969421
969286
969190
969174
969129
969036
968931
968838
968835
968833
968738
968649
968633
968566
968385
968380
968354
968317
968009
967890
967767
967674
967607
967573
967555
967412
967077
966980
966959
966857
966798
966740
966628
966607
966591
966444
966269
966250
966241
966176
966168
966135
966070
965975
965805
965776
965598
965539
965482
965180
965085
965047
964933
964866
964865
964788
964702
964684
964662
964629
964404
964373
964364
964206
964139
964035
963894
963817
963800
963734
963689
963655
963608
963495
963419
963394
963092
963017
962887
962883
962733
962722
962643
962630
962610
962498
962167
962083
961980
961816
961724
961690
961418
961373
961359
961247
961190
961126
961106
960866
960821
960771
960737
960582
960548
960544
960503
960194
960157
960124
960101
959965
959959
959947
959931
959727
959715
959664
959639
959530
959472
959400
959065
958878
958861
958798
958742
958523
958404
958388
958293
958261
958214
958144
958123
958109
958103
957747
957363
957341
957322
957305
957239
957113
957067
957001
956853
956836
956686
956617
956457
956295
956248
956166
955711
955555
955439
955392
954989
954867
954571
954474
954264
954156
954043
953885
953613
953420
953302
953292
953247
953018
952984
952880
952757
952710
952579
952516
952497
952452
952361
952330
952305
952116
952105
952091
952028
951873
951753
951567
951547
951469
951442
951371
951344
951069
951030
950984
950977
950856
950735
950639
950572
950260
950091
950019
949984
949934
949915
949806
949726
949716
949635
949523
949443
949431
949295
949254
949200
949156
949087
948804
948517
948491
948393
948339
948335
948096
948087
948075
947980
947930
947904
947878
947851
947373
947296
947136
947135
946943
946891
946721
946720
946645
946476
945964
945961
945735
945713
945305
945166
944784
944778
944763
944550
944546
944481
944415
944241
944136
944007
943977
943944
943784
943768
943669
943441
943233
943230
943217
943029
942962
942957
942579
942516
942485
942444
942269
942255
942177
942172
942127
942012
942006
941918
941821
941626
941571
941563
941557
941544
941284
941156
941151
941144
941034
940941
940806
940694
940576
940466
940464
940435
940294
940248
940022
939998
939974
939836
939628
939621
939510
939337
939049
939010
938916
938787
938730
938484
938470
938380
938374
938372
938339
938323
938094
937995
937901
937899
937763
937576
937458
937388
937250
937212
937146
937123
936873
936866
936581
936558
936480
936164
936126
935879
935593
935589
935280
935208
935056
935031
934983
934841
934808
934603
934602
934551
934387
934382
934086
934057
934043
934034
933905
933800
933747
933526
933500
933371
933235
933208
932925
932719
932683
932585
932473
932467
932387
932379
932294
932272
932082
932071
931948
931940
931819
931815
931764
931710
931673
931668
931615
931459
931343
931276
931261
931134
931133
931035
930644
930577
930486
930459
930274
930079
929925
929748
929661
929571
929369
929203
929178
928999
928996
928991
928841
928779
928758
928614
928576
928533
928485
928476
928468
928369
928236
928226
928119
927935
927570
927567
927516
927504
927455
927448
927348
927289
927220
926974
926656
926548
926516
926506
926487
926320
926209
926095
926024
926007
925909
925724
925569
925512
925260
925229
924846
924834
924785
924756
924667
924618
924558
924412
924357
924293
924109
924058
923967
923695
923630
923623
923438
923267
922867
922720
922615
922515
922493
922456
921978
921965
921770
921594
921555
921551
921498
921225
920881
920602
920208
920122
920006
919891
919758
919650
919454
919398
919268
919117
919113
919009
918881
918872
918695
918652
918612
918535
918478
918322
918316
918193
918156
918074
917984
917890
917885
917885
917880
917714
917684
917592
917531
917419
917263
917170
917160
916899
916763
916674
916645
916453
916358
916245
916232
916202
916198
916192
916059
915541
915443
915428
915370
915049
914962
914937
914711
914655
914315
914131
914059
913961
913951
913694
913615
913290
913261
913108
912988
912907
912818
912478
912468
912379
912374
912368
912336
912324
912235
912233
912199
911919
911805
911675
911467
911240
911212
911197
911126
910895
910810
910805
910764
910590
910415
910412
910187
910155
910111
909809
909760
909753
909710
909696
909633
909500
909262
909216
909195
909189
908988
908773
908382
908326
908276
908168
908163
908070
907828
907807
907769
907752
907491
907487
907462
907439
907281
907246
906988
906707
906662
906637
906604
906486
906421
906375
906245
906236
905917
905873
905829
905761
905628
905099
904986
904937
904874
904871
904861
904847
904839
904656
904627
904582
904349
904301
904284
904260
903916
903832
903732
903640
903604
903579
903473
903445
903305
902959
902945
902874
902700
902478
902365
902301
901873
901775
901710
901548
901502
901376
900939
900868
900843
900697
900642
900403
900327
899803
899677
899550
899485
899103
899062
898902
898791
898565
898379
898338
898196
898187
897915
897762
897672
897220
896982
896969
896911
896818
896718
896511
896420
896247
896135
896124
896024
895751
895724
895619
895481
895104
895005
894883
894805
894723
894604
894526
894273
894071
893943
893926
893700
893632
893630
893628
893375
893314
893116
892868
892674
892586
892436
892429
892396
892351
892348
892345
892217
892076
892054
892028
891994
891778
891618
891500
891488
891475
891414
891394
891390
891282
891219
891088
891031
890964
890799
890696
890593
890573
890517
890311
890295
890278
889838
889733
889685
889661
889618
889581
889437
889079
889057
888981
888946
888649
888515
888426
888356
888273
888270
887995
887964
887898
887852
887812
887789
887734
887552
887480
887449
887121
887061
887016
886691
886626
886569
886536
886369
886236
886164
886100
885963
885953
885935
885608
885593
885495
885477
885388
885256
885135
885131
885118
884986
884947
884746
884716
884625
884549
884374
884332
884308
884300
884156
884144
884094
884004
883969
883755
883717
883539
883484
883462
883432
883228
883118
882938
882922
882668
882584
882146
882077
882065
882001
881956
881933
881790
881710
881643
881628
881540
881488
881306
881289
881272
881272
881256
881079
881075
881057
880769
880748
880728
880627
880550
880382
880367
880304
880130
880078
879759
879632
879608
879462
879373
879356
879288
879232
879231
879073
878823
878819
878735
878710
878687
878680
878629
878353
878330
878304
878229
878175
878029
878000
877896
877885
877871
877783
877506
877425
877361
877079
876985
876978
876962
876920
876863
876389
876374
876329
876310
876306
876295
876208
876161
876106
876095
875862
875860
875768
875534
875511
875501
875190
875102
874851
874832
874808
874696
874637
874520
874277
874169
874158
874141
874099
873958
873919
873910
873461
873446
873408
873078
872880
872799
872769
872748
872628
872476
872437
872330
872228
872150
872141
871941
871911
871765
871712
871630
871447
871438
871416
871262
871216
871177
871133
871107
870856
870814
870798
870765
870437
870280
870217
870166
870142
870081
870074
870030
869958
869833
869812
869579
869544
869537
869390
869313
869289
869262
869089
869035
868985
868967
868825
868748
868747
868678
868610
868583
868372
868286
868285
867975
867945
867892
867843
867821
867582
867441
867253
867252
867249
867218
867161
867158
867153
866835
866774
866636
866611
866495
866492
866242
866155
866085
865715
865508
865455
865411
865240
865203
865190
865154
865114
865048
864998
864699
864403
864282
864068
863904
863667
863664
863654
863653
863595
863563
863321
863287
862765
862455
862379
862256
862152
862001
861527
861359
861186
861147
861040
860989
860946
860850
860778
860701
860689
860581
860579
860571
860494
860437
860344
860262
860162
860026
859921
859856
859736
859670
859626
859604
859517
859456
859391
859244
859211
859123
859114
859113
859034
859016
858968
858745
858447
858374
858368
858136
858038
857965
857955
857821
857805
857770
857755
857744
857126
857047
856945
856910
856888
856717
856666
856591
856545
856385
856107
856067
855977
855866
855565
855536
855425
855316
855281
855115
854931
854766
854710
854679
854643
854515
854453
854366
854336
854328
854180
854079
853942
853931
853909
853899
853853
853631
853606
853489
853465
853429
853231
853230
853138
853090
853057
853051
852998
852949
852924
852862
852797
852466
852410
852357
852218
852147
852017
851856
851811
851796
851793
851452
851428
851400
851398
851152
851026
851011
850913
850835
850805
850765
850721
850569
850541
850522
850375
850346
850344
850342
850240
850143
850096
850047
849931
849632
849601
849189
849031
848838
848726
848692
848682
848630
848578
848477
848311
848230
848022
847951
847888
847844
847837
847818
847794
847780
847621
847616
847484
847320
847318
847248
847212
847126
847038
847008
846932
846776
846770
846737
846553
846460
846273
846052
845956
845853
845702
845455
845359
845245
845132
845122
845079
844950
844723
844705
844577
844547
844510
844378
844370
844359
844182
844173
844136
844119
843860
843778
843686
843525
843507
843474
843408
843361
843341
843309
843205
843049
843030
842920
842913
842829
842635
842535
842403
842212
842201
842149
842147
842121
841943
841927
841892
841621
841506
841383
841293
841283
841164
841044
841028
840872
840779
840765
840644
840590
840218
840125
839959
839955
839924
839888
839791
839788
839734
839698
839640
839595
839566
839377
839376
839287
839219
838916
838902
838626
838442
838366
838254
838206
838078
837694
837480
837453
837331
837260
837096
836783
836675
836499
836462
836240
836189
836152
835912
835906
835782
835702
835688
835605
835364
835310
835114
834640
834581
834491
834430
834324
833935
833655
833275
832980
832961
832865
832490
832451
832180
832084
832077
831951
831908
831729
831714
831621
831437
831336
831227
831090
831040
830867
830806
830759
830693
830479
830316
830117
830082
830078
830072
830040
830033
829940
829676
829653
829650
829607
829531
829529
829445
829300
829196
829035
828815
828448
828313
828095
827986
827802
827768
827648
827538
827498
827368
827308
827288
827117
827042
826976
826803
826790
826470
826404
826287
826239
825988
825961
825886
825764
825724
825491
825436
825157
824995
824983
824920
824919
824852
824848
824783
824729
824729
824507
824446
824221
824060
823915
823908
823806
823651
823579
823376
823356
823242
823131
823108
822958
822933
822780
822756
822655
822479
822270
822149
821927
821853
821837
821831
821699
821651
821581
821312
821072
820844
820652
820608
820577
820539
820439
820330
820303
820262
820203
820054
820004
819990
819723
819678
819586
819547
819474
819187
819124
819080
819064
819050
818737
818718
818714
818555
818503
818427
818362
818305
818161
818101
818018
817711
817579
817553
817253
817222
817204
817046
817040
817022
816878
816857
816831
816725
816479
816106
816058
816030
815925
815759
815532
815524
815471
815411
815397
815344
815106
815090
814778
814548
814531
814438
814343
814299
814238
814233
814216
813641
813605
813589
813541
813363
813265
813258
813160
813156
813134
813053
813050
812974
812969
812756
812691
812577
812499
812297
812268
811919
811868
811860
811717
811717
811675
811473
811419
811399
811271
811044
810844
810778
810769
810580
810493
809904
809851
809683
809654
809443
809437
809292
809257
809225
809104
809046
808888
808888
808848
808684
808680
808637
808414
808386
808111
807988
807978
807911
807881
807619
807563
807147
806814
806636
806525
806121
806055
805848
805848
805793
805662
805580
805404
805171
805107
804719
804582
804537
804104
803683
803602
803587
803563
803327
803237
803172
802995
802969
802883
802761
802760
802715
802419
802377
802329
802318
802281
802227
802140
802066
802047
801638
801572
800966
800959
800808
800762
800535
800523
800523
800436
800416
800401
800320
800240
800116
800044
800009
799916
799855
799831
799787
799753
799731
799715
799343
799159
799070
799035
799033
798750
798648
798642
798571
798569
798384
798215
797933
797923
797691
797618
797514
797365
797169
797117
797038
797019
797016
796996
796657
796510
796492
796424
796308
796136
796114
796076
796032
795923
795850
795691
795688
795515
795469
795356
795356
795289
795211
795116
795092
794977
794953
794922
794797
794692
794689
794619
794601
794593
794506
794436
793813
793777
793711
793527
793333
793277
793200
793103
793096
793056
792873
792763
792736
792475
792398
792361
792348
792317
792246
792098
791999
791954
791809
791626
791606
791499
791444
791186
791160
791050
791030
790770
790664
790657
790416
790289
790195
790194
790106
790013
789922
789865
789783
789740
789700
789603
789459
789376
789169
789084
788978
788973
788830
788465
788172
788159
788137
788118
787923
787904
787901
787769
787678
787484
787457
787329
787297
787290
787252
787069
787044
787005
786842
786786
786715
786557
786482
786193
785985
785855
785709
785515
785441
785334
785119
785040
785036
785027
784987
784985
784980
784748
784603
784546
784378
784283
784035
784035
784006
783986
783978
783951
783929
783632
783310
783181
783161
783106
782966
782842
782791
782769
782769
782608
782520
782233
782182
782039
781965
781626
781573
781455
781420
781399
781276
781207
780783
780533
780443
780213
780201
780054
780042
780034
779904
779604
779506
779365
779320
779260
779233
779182
778915
778708
778614
778494
778418
778395
778325
778296
778181
778152
778110
777914
777817
777759
777653
777587
777581
777506
777444
777353
777044
777031
777021
776740
776727
776688
776672
776609
776585
776572
776552
776334
776324
776114
776008
775829
775829
775732
775514
775481
775466
775446
775271
775165
775153
775127
775123
775102
775065
775043
774978
774879
774319
774026
773851
773764
773585
773520
773462
773448
773327
773305
773223
772968
772941
772919
772838
772784
772777
772771
772501
772387
772173
771796
771688
771638
771602
771586
771410
771317
771284
771124
771010
771005
770951
770886
770882
770781
770750
770660
770657
770613
770521
770387
770257
770172
770084
769907
769896
769736
769698
769611
769522
769512
769388
769365
769272
769260
769177
769079
768980
768948
768929
768891
768772
768689
768670
768667
768645
768560
768517
768446
768435
768109
768104
767984
767970
767900
767870
767819
767700
767525
767371
767368
767303
767190
767178
767105
767076
767061
766984
766945
766928
766887
766820
766736
766727
766203
766188
766174
765940
765885
765869
765832
765804
765733
765648
765600
765598
765530
765393
765313
765178
765165
765165
765146
765135
765105
765011
764887
764845
764731
764648
764636
764591
764466
764424
764293
764289
764193
764122
764113
764046
764031
764021
763862
763733
763587
763565
763558
763544
763227
763181
762935
762788
762729
762600
762516
762435
762431
762366
762293
762105
762025
761916
761883
761571
761568
761536
761429
760930
760912
760903
760870
760867
760822
760737
760718
760681
760627
760625
760567
760295
760070
760062
760041
760000
759931
759916
759565
759536
759535
759486
759421
759346
759213
759207
759026
758912
758651
758620
758560
758300
758257
757761
757273
757000
756985
756983
756915
756875
756862
756854
756808
756738
756589
756281
756265
756172
756103
755946
755848
755534
755445
755391
755090
755071
755037
755036
754965
754925
754890
754791
754760
754710
754531
754484
754480
754404
754034
753758
753612
753555
753525
753469
753441
753271
753138
753091
753028
752993
752956
752930
752917
752803
752788
752661
752579
752478
752466
752364
752135
752066
752036
751916
751904
751652
751480
751311
751147
751102
751036
751004
750897
750778
750758
750510
750419
750243
750226
750161
750157
750096
750052
749917
749831
749575
749440
749347
749056
748975
748958
748935
748806
748766
748739
748551
748389
748324
748260
748189
748023
747980
747971
747931
747649
747422
747303
747205
747020
746911
746805
746676
746592
746534
746485
746479
746462
746436
746021
745890
745796
745682
745472
745450
745397
745358
745308
745297
745255
745125
745047
744997
744952
744795
744794
744781
744645
744582
744508
744401
744028
744016
744010
743978
743841
743779
743775
743734
743614
743559
743518
743298
743295
743160
743142
743113
743068
743017
742937
742926
742922
742918
742856
742795
742636
742585
742582
742544
742487
742481
742396
742306
742255
742227
742084
741987
741979
741737
741675
741669
741611
741489
741466
741445
741350
741150
740905
740884
740763
740617
740614
740570
740540
740370
740328
740285
740246
740243
739899
739889
739851
739822
739774
739764
739667
739666
739520
739402
739383
739211
738907
738896
738837
738823
738799
738786
738753
738711
738319
738173
738094
738066
737963
737781
737644
737618
737392
737390
737331
737298
736929
736872
736785
736564
736526
736521
736372
735737
735694
735666
735392
735148
735043
734979
734901
734804
734703
734633
734625
734539
734532
734529
734510
734361
734303
734247
734218
734159
734106
734070
734062
733857
733767
733734
733658
733528
733477
733471
733372
733322
733243
733212
733147
733126
732887
732669
732065
731988
731855
731838
731730
731358
731355
731320
731245
731160
731046
731046
730775
730727
730722
730631
730459
730422
730275
730180
730066
729951
729889
729799
729683
729654
729302
729177
728826
728742
728402
728377
728300
728253
728188
727946
727828
727643
727613
727395
727386
727370
727190
727171
727166
727038
726995
726956
726945
726934
726833
726829
726726
726661
726661
726648
726627
726618
725908
725843
725562
725378
725315
725297
725262
725175
724937
724857
724711
724473
724448
724446
724418
724400
724352
723996
723974
723961
723902
723898
723841
723709
723684
723329
723242
723159
723085
723072
723065
722991
722875
722861
722805
722745
722723
722371
722248
722238
722188
722173
722162
722028
721882
721719
721647
721539
721531
721530
721527
721494
721342
721340
721313
721199
721192
721085
721048
721018
720944
720866
720740
720707
720257
720241
720229
720114
720015
719954
719724
719530
719397
719347
719220
719217
719047
719033
719008
718962
718911
718895
718610
718601
718471
718338
718218
718162
718091
717943
717919
717525
717495
717399
717291
717139
717102
716895
716813
716805
716457
716441
716220
716193
715930
715876
715846
715839
715823
715795
715753
715723
715661
715621
715579
715577
715556
715512
715460
715379
715375
715209
715115
714976
714781
714655
714591
714533
714246
714107
714010
713986
713875
713792
713764
713661
713553
713325
713281
713266
713249
713183
712917
712913
712772
712718
712716
712714
712485
712404
712365
712275
712016
711999
711990
711972
711908
711880
711734
711569
711569
711551
711525
711246
711128
711091
711059
710962
710703
710660
710656
710236
710120
710068
710021
709911
709671
709562
709503
709347
709163
709110
708907
708728
708712
708620
708600
708155
707936
707672
707640
707565
707396
707285
707277
707252
707250
707198
707130
706954
706767
706728
706666
706642
706533
706514
706394
706175
706065
705936
705702
705644
705530
705470
705338
705316
705301
705285
705118
705086
704714
704670
704598
704567
704415
704365
704062
704044
703977
703601
703547
703536
703474
703467
703465
703451
703383
703371
703293
703270
703234
703133
703013
702804
702751
702688
702313
702240
702105
702055
702036
701959
701934
701823
701802
701637
701633
701443
701270
701181
700831
700694
700684
700510
700447
700377
700366
700365
700224
700142
700042
699922
699701
699528
699469
699440
699422
699369
699126
699111
699056
699022
698972
698776
698736
698732
698565
698460
698389
698224
698143
698078
698013
697822
697787
697731
697618
697596
697519
697473
697340
697254
697203
697170
696608
696542
696512
696473
696448
696417
696373
696343
696240
696220
696164
695985
695888
695761
695644
695587
695521
695246
695217
695168
695125
694645
694637
694568
694464
694295
693948
693798
693782
693554
693404
693333
693279
693133
693052
692761
692664
692620
692429
692324
692153
692104
692010
691917
691593
691540
691407
691372
691336
690985
690550
690466
690271
690212
689610
689401
689379
689321
689286
689271
689236
689162
689131
689081
689060
689047
689023
688894
688825
688754
688740
688583
688521
688445
688396
688386
688073
687910
687867
687860
687793
687614
687586
687493
687478
687473
687388
687292
687212
686805
686762
686735
686630
686486
686436
686408
686388
686343
686273
686190
685922
685694
685636
685536
685336
685299
685198
684962
684962
684818
684777
684553
684535
684257
683994
683983
683953
683937
683918
683649
683626
683483
683290
683021
682981
682981
682972
682922
682786
682708
682656
682617
682438
682350
682336
682299
682151
682137
681662
681213
681212
681169
681047
681036
681027
680997
680966
680913
680886
680856
680786
680781
680746
680720
680681
680372
680192
680026
679945
679938
679935
679877
679730
679719
679510
679412
679236
679221
679175
678635
678209
678203
678153
678056
677984
677941
677925
677770
677505
677502
677369
677327
677144
676968
676952
676825
676809
676777
676745
676597
676347
676227
676221
675965
675929
675725
675657
675653
675459
675334
675308
675241
674862
674679
674671
674543
674348
674073
674026
673759
673737
673701
673613
673462
673177
673157
673114
673057
672760
672572
672554
672459
672453
672390
672295
672272
672235
672218
672185
672162
672110
672098
672076
671793
671625
671256
671123
670906
670651
670524
670439
670222
669807
669802
669602
669523
669522
669471
669433
669345
669201
669192
669134
668930
668873
668623
668584
668572
668547
668477
668468
668342
668167
667990
667895
667602
667586
667585
667434
667386
667279
667271
667263
667173
667102
667014
666701
666680
666669
666587
666326
666160
666054
666011
665858
665641
665252
665190
665097
665076
664830
664720
664633
664459
664389
663711
663582
663539
663439
663350
663220
663175
663149
662843
662631
662307
661962
661929
661782
661770
661723
661591
661371
661370
661177
661157
660882
660830
660799
660389
660254
660240
659761
659745
659744
659532
659510
659167
659139
658945
658801
658628
658513
658475
658463
658377
658070
658013
657895
657795
657765
657590
657578
657284
657259
657202
657182
657156
657107
657055
656982
656703
656648
656620
656507
656470
656428
656419
656332
656299
656269
656235
656091
655935
655895
655886
655721
655697
655683
655652
655629
655586
655505
655480
655356
655280
655277
655226
655194
655107
654995
654863
654824
654793
654740
654648
654620
654581
654493
654479
654360
653992
653787
653712
653692
653649
653566
653533
653447
653409
653330
653178
653083
653056
653051
652866
652819
652696
652613
652577
652535
652474
652385
651839
651597
651402
651380
651334
650889
650657
650612
650484
650427
650341
650318
650292
650036
649932
649650
649453
649418
649404
649396
649015
648801
648681
648625
648513
648433
648411
648265
648194
647969
647838
647837
647823
647776
647712
647689
647689
647604
647417
647297
647171
646882
646790
646751
646658
646515
646482
646389
646363
646305
646200
646074
645934
645927
645882
645640
645633
645605
645492
645346
645344
645298
645193
645146
645142
645112
645071
644826
644610
644530
644333
644117
643968
643946
643741
643736
643602
643268
642831
642509
642461
642218
642209
642194
642165
642149
642078
641801
641768
641656
641655
641507
641507
641190
641136
640895
640834
640739
640566
640456
640296
640254
640194
640147
640146
640123
640037
639946
639705
639567
639556
639547
639528
639470
639462
639319
639240
639062
638987
638916
638851
638790
638745
638682
638592
638426
638147
637996
637956
637890
637828
637752
637730
637516
637317
637274
637179
637069
637030
636988
636942
636910
636881
636572
636406
636117
636094
635949
635942
635862
635806
635510
635492
635406
635317
635203
635144
635122
635045
635003
634986
634949
634828
634591
634474
634410
634407
634381
634375
634235
634052
634015
633778
633718
633708
633695
633671
633628
633574
633548
633547
633544
633411
633338
633148
633127
632890
632889
632814
632813
632798
632737
632719
632601
632310
631971
631916
631766
631391
631215
631136
631002
630938
630781
630652
630454
630338
630329
630180
630122
629972
629947
629823
629567
629541
629510
629272
629256
629252
629137
629088
628872
628716
628667
628530
628416
628120
628103
628073
627988
627888
627753
627541
627523
627485
627415
627409
627327
627323
627154
626977
626768
626677
626464
626384
626298
626241
626191
626110
625992
625981
625864
625850
625755
625750
625688
625522
625349
625343
625275
625229
625150
625105
625094
625093
625077
624911
624911
624827
624802
624680
624642
624466
624408
624395
624213
624127
623933
623688
623608
623604
623596
623350
623162
623150
622970
622863
622777
622734
622578
622412
622343
622263
622206
622131
622129
622104
621767
621606
621504
621371
621245
621056
620928
620810
620703
620671
620654
620577
620253
620216
620156
620143
620117
620093
620022
620022
619928
619876
619818
619793
619680
619537
619530
619502
619311
619173
618958
618896
618880
618625
618611
618481
618396
618336
618249
618237
618087
618065
617874
617849
617628
617575
617571
617512
617444
617370
616716
616568
616133
616091
616090
616067
616043
615871
615852
615821
615706
615463
615310
615071
614958
614814
614712
614684
614593
614418
614034
613905
613867
613754
613725
613710
613695
613652
613512
613315
613296
613269
613225
613193
612856
612789
612780
612647
612565
612552
612550
612445
612401
612307
611862
611786
611691
611439
611287
611275
611198
611087
611044
610909
610810
610565
610400
610388
610186
610095
610079
609969
609859
609711
609661
609587
609500
609417
609125
609034
608969
608942
608935
608921
608919
608917
608760
608683
608583
608580
608185
608107
608019
607997
607985
607782
607709
607208
607202
606994
606981
606967
606796
606446
606255
606055
605921
605817
605801
605738
605692
605463
605414
605291
605234
605138
604987
604880
604798
604409
604344
604186
603957
603921
603908
603674
603637
603567
603564
603554
603305
603247
603130
603122
602919
602808
602713
602656
602473
602414
602337
602219
601940
601848
601626
601579
601554
601530
601501
601489
601451
601354
601290
601260
601259
601031
600667
600585
600168
599976
599901
599788
599664
599638
599594
599478
599436
599182
598949
598798
598769
598630
598517
598432
598355
598278
597978
597675
597653
597577
597525
597460
597395
597233
597165
597080
597063
597009
596939
596882
596847
596833
596829
596795
596784
596585
596584
596582
596567
596512
596456
596403
596294
596291
595819
595691
595684
595575
595436
595330
595307
595300
595282
595088
594859
594687
594668
594596
594496
594298
593957
593846
593834
593755
593491
593449
593404
593318
593212
593140
592976
592858
592839
592796
592734
592667
592585
592427
592374
592199
592075
592042
592000
591879
591738
591721
591661
591643
591162
591139
591124
590854
590695
590668
590653
590636
590593
590549
590330
590296
590153
590056
589943
589936
589926
589764
589643
589455
589444
589297
589288
589121
589118
588697
588423
588286
588283
588265
588263
588227
588213
588176
588022
587724
587467
587253
587249
587168
587084
587075
586958
586874
586843
586451
586411
586398
586392
586101
585902
585785
585777
585705
585666
585416
585397
585268
585142
585056
585056
585032
584930
584811
584793
584696
584600
584509
584439
584428
584378
584286
584178
584068
583900
583834
583588
583524
583509
583505
583471
583451
583086
583011
582913
582698
582428
582337
582319
582258
581647
581621
581580
581453
581418
581388
581379
580986
580851
580789
580759
580726
580669
580626
580586
580523
580417
580331
580298
579932
579856
579832
579812
579784
579743
579649
579632
579555
579509
579487
579459
579359
579351
579267
579231
579102
579093
579079
579028
578731
578698
578656
578642
578635
578634
578597
578337
578227
578058
577945
577737
577610
577580
577436
577402
577281
577190
577048
576788
576718
576599
576587
576280
576270
576261
576150
576095
576090
576088
576050
575948
575695
575634
575462
575427
575351
575315
575081
575077
575068
575066
574956
574770
574758
574589
574578
574561
574530
574508
574501
574499
574477
574463
574451
574407
574344
574289
574050
573657
573499
573477
573414
573411
573319
573251
573077
573044
572994
572948
572743
572544
572367
572181
572167
572091
571813
571781
571679
571623
571600
571581
571455
571304
571155
571067
571066
570959
570937
570928
570904
570816
570785
570668
570648
570490
570469
570388
570279
570217
570135
570128
570074
570055
569970
569846
569824
569569
569386
569180
569064
569051
568730
568667
568520
568309
568305
568205
568191
567622
567431
567321
567279
567253
567196
567085
567016
566939
566853
566752
566665
566644
566642
566634
566619
566602
566521
566486
566357
566217
566059
565993
565925
565853
565657
565650
565644
565531
565490
565342
565279
565168
565017
564658
564593
564571
564566
564518
564512
564492
564246
564246
564229
564124
564092
563990
563804
563662
563565
563368
563065
563027
562966
562943
562860
562811
562803
562623
562578
562567
562524
562505
562491
562437
562152
562098
561893
561852
561737
561577
561511
561152
561136
561085
561005
560945
560870
560806
560712
560697
560502
560479
560283
560250
559976
559933
559686
559604
559545
559471
559434
559416
559276
559270
559213
559128
559102
559065
558946
558860
558764
558727
558544
558521
558377
558245
557880
557835
557805
557785
557760
557408
557227
557197
557083
557057
556961
556882
556778
556625
556609
556594
556508
556335
556223
556118
555966
555927
555821
555654
555634
555607
555565
555448
555316
555288
555273
555176
555064
554818
554608
554427
554151
554113
553841
553648
553648
553543
553526
553523
553410
553025
552969
552915
552851
552693
552606
552584
552176
552004
551901
551845
551755
551606
551443
551190
551132
551092
550972
550712
550695
550338
550298
550218
549970
549934
549886
549781
549653
549430
549412
549216
548838
548821
548668
548658
548468
548441
548429
548426
548340
548133
548002
547935
547859
547791
547362
547257
547181
547169
547093
547090
547059
547049
546994
546886
546818
546770
546301
546205
546032
545929
545827
545706
545693
545636
545633
545533
545457
545456
545200
545020
545012
544907
544898
544611
544579
544565
544381
544098
543945
543928
543772
543402
543342
542974
542897
542776
542692
542691
542535
542503
542432
542335
542335
542247
542206
542191
542165
542162
542078
541997
541874
541788
541765
541730
541711
541522
541433
541344
541314
541256
541070
541053
541044
541039
540783
540648
540637
540346
540102
539937
539872
539805
539747
539713
539667
539623
539554
539351
539263
539254
539193
539121
539063
539061
538971
538774
538761
538757
538325
538210
538148
538123
537963
537957
537956
537897
537763
537703
537653
537642
537630
537480
537204
537094
536975
536400
536378
536287
536272
536219
536152
536079
536072
535853
535780
535718
535632
535039
534824
534670
534651
534509
534459
534289
534284
534232
534053
533997
533879
533834
533750
533733
533572
533497
533495
533362
533204
533110
532964
532879
532860
532823
532670
532475
532458
532322
532226
532123
532085
531923
531913
531892
531852
531628
531505
531491
531396
531344
531227
531063
531056
530916
530814
530504
530345
530257
530129
530076
529831
529707
529668
529615
529564
529399
529313
529180
528979
528977
528913
528837
528734
528727
528606
528440
528389
528286
528258
528194
528042
528008
528004
527990
527927
527910
527809
527735
527710
527691
527670
527510
527466
527394
527292
527248
526947
526933
526881
526862
526782
526761
526744
526685
526584
526552
526261
526235
526220
525835
525508
525303
525015
524891
524869
524830
524784
524564
524487
524391
524346
524296
524207
524148
524106
524003
523980
523900
523797
523770
523727
523518
523513
523273
523242
523224
523218
522834
522650
522539
522478
522465
522365
522274
522033
521932
521916
521749
521700
521683
521477
521448
521314
521296
521175
521116
521074
520814
520801
520594
520550
520376
520095
520094
519911
519718
519496
519437
519109
519048
519022
518965
518842
518831
518795
518793
518748
518623
518594
518392
518374
518360
518342
518288
518209
518156
518149
517968
517770
517558
517558
517408
517388
517264
517100
517048
516952
516947
516897
516787
516612
516447
516395
516388
516342
516164
515958
515953
515916
515893
515802
515775
515770
515707
515705
515598
515392
515093
515054
515013
514983
514823
514715
514626
514372
514310
513968
513799
513747
513642
513574
513420
513359
513278
513010
512935
512924
512901
512838
512822
512296
512199
512135
512081
511902
511900
511760
511745
511616
511441
511432
511105
511070
511045
510954
510916
510914
510841
510793
510748
510743
510520
510001
509931
509906
509841
509742
509631
509444
509328
509219
509150
509031
509005
508956
508924
508767
508717
508392
508390
508321
508213
508166
508116
507976
507891
507885
507829
507618
507577
507498
507316
507287
507268
507208
507205
506963
506891
506698
506677
506603
506412
506389
506384
506361
506329
506170
506135
506069
505862
505787
505718
505572
505494
505486
505433
505406
505396
505187
504814
504739
504592
504494
504312
504156
504004
503994
503917
503856
503855
503818
503727
503539
503529
503451
503399
503365
503343
503280
503087
502754
502743
502564
502531
502501
502391
502372
502291
502267
502221
502189
501936
501914
501810
501619
501564
501510
501430
501342
501330
501293
501168
501133
501040
501037
500968
500859
500805
500743
500428
500418
500275
500179
500120
500093
499985
499914
499451
499389
499297
499007
498792
498688
498638
498623
498620
498613
498548
498488
498395
498381
498259
498180
497805
497676
497531
497448
497281
497273
497174
497140
497122
497008
496924
496842
496801
496755
496678
496569
496302
496267
496012
495998
495886
495755
495630
495599
495546
495521
495419
495414
495378
495185
495145
494977
494926
494757
494649
494420
494098
494039
494019
493890
493628
493622
493157
493137
493029
492640
492633
492585
492436
492364
492361
492325
492300
492270
492218
492000
491999
491911
491739
491667
491515
491321
491146
491085
491073
490810
490774
490313
490271
490149
490025
490022
489892
489862
489633
489630
489603
489585
489524
489503
489398
489184
489176
489095
488824
488596
488437
488294
488223
488215
488064
487939
487808
487748
487614
487565
487557
487503
487459
487399
487364
487356
487304
487188
487044
486909
486822
486744
486605
486584
486533
486468
486333
486321
486202
486182
486015
485988
485978
485896
485873
485750
485749
485732
485707
485636
485612
485602
485565
485534
485523
485486
485452
485446
485269
485204
484859
484836
484771
484721
484510
484420
484395
484016
484008
483835
483561
483554
483450
483410
482835
482802
482752
482695
482494
482412
482341
482300
482281
482165
482097
482077
482076
482068
481938
481900
481791
481722
481704
481694
481576
481542
481386
481288
481285
481270
481111
481084
480987
480865
480677
480533
480474
480444
480429
480413
480347
480320
480189
480099
480049
480016
479959
479945
479758
479614
479578
479434
479351
479185
479050
478800
478765
478753
478714
478673
478610
478471
478439
478409
478391
478353
478261
478065
477922
477886
477788
477662
477629
477292
477274
477215
477055
477051
477000
476981
476934
476908
476886
476805
476669
476488
476429
475813
475797
475794
475616
475606
475526
475491
475394
475285
475257
475249
475224
475071
474747
474637
474547
474467
474149
474101
474008
473979
473884
473811
473761
473671
473436
473357
473350
473335
473258
473245
473181
473088
473004
472893
472822
472702
472653
472607
472333
472316
472312
472257
472246
471998
471898
471657
471434
471360
471299
471173
471171
471134
470928
470921
470908
470883
470246
470117
469825
469792
469761
469753
469664
469530
469503
469461
469443
469415
469347
468901
468528
468234
468027
467860
467850
467828
467824
467742
467726
467618
467589
467557
467416
467390
467389
467167
466999
466953
466626
466581
466556
466549
466270
466259
466033
465892
465814
465788
465774
465514
465477
465401
465354
465329
465254
465147
464888
464610
464491
464200
464152
463796
463716
463636
463567
463539
463527
463504
463490
463292
462381
462265
462184
462182
462036
461923
461847
461832
461735
461724
461636
461629
461552
461412
461220
461173
461069
461018
460900
460618
460534
460521
460345
460233
460206
460066
460011
459767
459744
459702
459695
459475
459367
459263
459259
459131
459070
459043
458966
458793
458770
458473
458324
458214
457774
457584
457521
457463
457414
457235
457203
457017
456954
456901
456748
456693
456685
456659
456580
456551
456462
456291
456277
456233
456068
456015
456004
455940
455809
455758
455741
455717
455692
455623
455569
455557
455484
455448
455116
455088
455060
455046
455035
455012
454687
454460
454436
454408
454361
454322
454167
454011
453691
453684
453683
453560
453539
453096
452449
452423
452418
452360
452317
452153
452138
452138
452064
452035
451929
451889
451704
451578
451538
451355
451190
451106
450630
450554
450446
450388
450318
450314
450258
450230
449979
449935
449866
449424
449281
449185
449010
448871
448774
448671
448567
448543
448465
448442
448366
448341
448334
448278
448210
448184
448167
447982
447939
447836
447689
447622
447479
447467
447415
447382
447258
447223
447161
447066
446969
446950
446919
446792
446735
446495
446489
446437
446421
446389
446324
446266
446101
446017
445860
445827
445685
445660
445365
445125
445084
445032
444936
444811
444811
444787
444580
444500
444489
444450
444425
444309
444270
444251
444096
444037
443912
443806
443672
443556
443496
443392
443278
443213
442869
442627
442527
442425
442394
442391
442159
442156
442039
442017
441988
441948
441877
441711
441706
441627
441431
441412
441343
441218
441211
441129
440849
440769
440766
440524
440144
440093
440078
439982
439959
439950
439927
439739
439623
439295
439045
439001
438737
438709
438424
438387
438342
438316
438208
438160
437926
437873
437824
437813
437714
437502
437450
437322
437258
437229
437115
437066
436971
436958
436926
436894
436835
436774
436673
436389
436367
436176
436169
436070
435987
435938
435917
435899
435836
435796
435690
435665
435524
435491
435437
435298
435188
435133
435054
434991
434895
434893
434885
434766
434711
434686
434672
434507
434453
434172
434163
434139
433991
433685
433654
433614
433243
433105
432985
432981
432892
432867
432672
432659
432637
432624
432573
432524
432415
432409
432386
432259
432256
432238
432231
431942
431936
431923
431534
431463
431378
431193
431026
430918
430904
430761
430749
430679
430669
430665
430652
430473
430439
430281
430198
430147
429952
429922
429804
429704
429626
429564
429454
429215
429160
429010
429001
428936
428799
428701
428686
428441
428397
428361
428242
427959
427932
427878
427844
427834
427708
427647
427646
427490
427423
427302
427242
427127
427037
427020
426943
426907
426873
426857
426845
426789
426733
426689
426681
426605
426281
426265
426214
426212
426136
426053
425667
425658
425649
425510
425466
425465
425292
425290
425189
425099
425034
424821
424820
424809
424756
424512
424481
424327
424175
424009
423954
423928
423794
423666
423443
423425
423343
423110
423101
423020
423016
422879
422635
422630
422428
422415
422325
422145
422120
422066
422023
421779
421666
421601
421451
421441
421347
421254
421241
421108
421050
421040
420868
420686
420647
420469
420380
420364
420364
420305
420186
420140
420122
420092
420047
420001
420000
419765
419651
419552
419504
419403
419341
419306
419256
419212
419162
419071
418943
418933
418932
418690
418688
418656
418533
418386
418251
418181
418088
418079
418078
418064
417920
417871
417847
417752
417546
417510
417469
417442
417392
417292
417196
417178
417138
417053
416976
416808
416758
416703
416583
416543
416537
416445
416340
416278
416270
416093
415911
415783
415755
415545
415474
415471
415440
415022
415000
414999
414981
414913
414860
414840
414783
414781
414746
414724
414664
414659
414624
414571
414451
414421
414419
414403
414338
414292
413889
413782
413763
413650
413649
413637
413478
413464
413367
413345
413154
413079
413004
412808
412791
412653
412624
412537
412449
412433
412371
412336
412308
412245
411971
411917
411770
411723
411442
411427
411087
411073
410918
410792
410566
410474
410466
410266
410176
410161
410064
410056
410005
409888
409334
409303
409285
409155
408854
408761
408693
408690
408476
408462
408082
407986
407910
407784
407693
407528
407487
407437
407031
406799
406549
406481
406410
406396
406231
406148
406147
405745
405509
405472
405435
405425
405410
405226
405218
405123
405035
404828
404756
404625
404225
404188
404150
404117
404004
403953
403942
403700
403607
403516
403247
403153
403059
402929
402538
402466
402444
402311
402300
402284
402248
402230
402084
401966
401935
401926
401484
401472
401258
400963
400943
400907
400844
400250
400194
399894
399886
399744
399538
399377
399319
399310
399261
399210
399143
399039
399027
398959
398924
398916
398807
398702
398472
398382
398290
398247
398170
397971
397719
397689
397652
397615
397590
397519
397484
397461
397344
397215
397001
396823
396798
396782
396670
396516
396491
396457
396316
396292
396244
396154
396043
395956
395913
395886
395804
395789
395766
395726
395712
395667
395465
395457
395425
395409
395398
395182
394956
394823
394620
394489
394317
394271
394237
394052
393868
393813
393792
393403
393175
392951
392939
392740
392704
392550
392529
392419
392357
392241
392102
391942
391763
391745
391556
391522
391449
391375
391003
390907
390885
390382
390348
390193
390163
389974
389955
389656
389470
389402
389402
389323
389041
388903
388773
388763
388734
388648
388626
388469
388280
388267
388246
388206
387797
387717
387634
387630
387586
387275
387121
386963
386934
386839
386721
386715
386612
386551
386401
386310
386283
386262
386111
386059
385896
385879
385759
385723
385690
385469
385424
385408
385337
385327
385310
385248
385163
385144
385004
384839
384746
384615
384427
384284
384143
384084
383875
383777
383726
383430
383400
383379
383371
383248
382707
382656
382620
382589
382584
382369
382014
381903
381731
381611
381599
381480
381476
381437
381384
381289
381150
381011
380823
380701
380642
380605
380556
380546
380352
380340
380137
380132
380100
380032
379917
379868
379751
379730
379565
379416
379410
379365
379131
379077
378998
378995
378928
378898
378879
378768
378706
378673
378501
378480
378382
378348
378231
378180
378104
378068
377825
377612
377439
377398
377346
376987
376957
376934
376869
376822
376660
376590
376436
376303
376207
376124
376115
376108
375794
375703
375639
375617
375529
375256
375256
375189
375068
374896
374770
374491
374324
374304
374286
374267
374229
374102
373632
373567
373533
373353
373307
373288
373274
373214
373111
373110
373011
372980
372952
372739
372717
372570
372528
372513
372438
372136
372025
371933
371900
371775
371727
371649
371516
371374
371299
371266
370945
370896
370513
370227
369839
369803
369640
369529
369206
368955
368742
368525
368273
368266
368262
368238
368172
368125
367954
367842
367758
367720
367643
367635
367628
367390
367203
367196
367177
367088
366938
366761
366618
366411
366346
366235
366226
366156
366137
366122
366064
366034
365890
365837
365738
365592
365463
365262
365066
365024
364717
364637
364578
364440
364386
364300
364188
363899
363776
363727
363379
363361
363345
363172
363120
363113
362961
362923
362921
362875
362798
362666
362644
362513
362469
362437
362412
362364
362356
362275
362228
362110
361990
361982
361902
361896
361889
361828
361745
361582
361570
361569
361482
361465
361410
361353
361185
361171
361034
360931
360900
360877
360853
360807
360796
360696
360578
360515
360426
360397
360236
360210
360190
360177
360117
359842
359765
359746
359730
359727
359688
359478
359445
358880
358785
358757
358755
358623
358543
358532
358372
358328
358254
358239
357793
357723
357657
357616
357479
357403
357362
357286
356909
356881
356760
356485
356477
356472
356258
356217
356075
355955
355897
355823
355813
355485
355439
355297
355030
354945
354934
354916
354901
354858
354842
354726
354617
354451
354391
354376
354098
354097
353891
353725
353657
353603
353522
353465
353448
353400
353340
353212
352977
352853
352806
352762
352634
352568
352276
352132
352106
352072
352036
352035
351988
351938
351878
351776
351584
351541
351496
351471
351355
351248
351225
351124
351056
351054
350707
350674
350645
350602
350510
350469
350048
349811
349798
349783
349565
349250
349229
349217
348904
348826
348815
348704
348627
348612
348489
348407
348400
348369
348225
348154
348122
347558
347185
347088
346935
346924
346674
346266
346216
346187
346062
346055
345920
345830
345829
345787
345763
345738
345512
345494
345393
345193
345171
345125
344793
344779
344579
344574
344570
344377
344285
344144
344130
344112
344015
343976
343974
343850
343843
343822
343797
343519
343497
343375
343338
343237
343236
343119
343067
343026
342884
342847
342830
342790
342482
342402
342157
342015
341826
341728
341660
341620
341613
341530
341350
341277
341132
341108
341060
341053
340947
340917
340909
340908
340856
340758
340577
340534
340504
340362
340308
339856
339792
339749
339596
339557
339487
339469
339291
339127
338716
338673
338645
338564
338521
338352
338279
338208
338189
338075
337991
337800
337526
337237
337097
337019
337004
336950
336928
336789
336767
336747
336709
336666
336608
336582
336513
336401
336367
336332
336258
336246
336221
336202
336200
336164
336154
336116
336093
335812
335766
335648
335412
335363
335082
335041
335016
334956
334822
334759
334729
334600
334576
334428
334298
334145
334075
334055
333966
333954
333950
333943
333646
333421
333304
333256
333252
333240
333001
332925
332902
332890
332697
332678
332669
332616
332521
332498
332484
332408
332387
332356
332186
332013
331857
331803
331799
331760
331740
331567
331502
331492
331078
331047
331024
330872
330858
330849
330765
330556
330533
330095
330028
330005
329966
329902
329899
329844
329801
329621
329453
329295
329201
329047
328964
328940
328907
328816
328809
328717
328617
328550
328411
328373
328310
327922
327897
327580
327529
327388
327326
327296
327221
327203
327124
326958
326884
326757
326656
326455
326325
325829
325772
325737
325693
325622
325574
325386
325372
325304
325111
324935
324889
324767
324568
324479
324418
324354
324112
324022
323922
323596
323495
323452
323217
323073
323031
322973
322821
322805
322747
322583
322497
322284
322094
321873
321872
321808
321798
321750
321716
321503
321498
321285
321193
321089
320941
320931
320826
320801
320655
320563
320542
320508
320502
320260
320240
320179
320010
319810
319706
319685
319645
319621
319171
319132
319022
318993
318812
318796
318782
318730
318654
318613
318498
318465
318444
318398
318187
318141
318104
318043
318005
317967
317848
317822
317674
317603
317565
317495
317462
317438
317197
317113
317019
316765
316747
316614
316522
316440
316330
316309
316294
316249
316139
316125
316123
315854
315789
315689
315660
315530
315498
315243
315205
315120
315070
314941
314716
314654
314632
314491
314469
314445
314289
314274
314148
313977
313970
313800
313796
313786
313470
313080
312956
312801
312509
312298
312285
311902
311895
311805
311720
311632
311607
311522
311475
311237
311149
311142
310724
310618
310564
310498
310328
310296
310131
310121
310092
310041
309704
309670
309523
309377
309256
309248
309240
309203
308925
308875
308773
308720
308621
308597
308247
308225
308199
308191
308098
308078
308035
307983
307806
307737
307620
307589
307423
307399
307390
307309
307097
307096
307060
306984
306921
306875
306733
306654
306429
306228
306101
306055
306007
305951
305614
305598
305532
305524
305460
305458
305457
305418
305411
305339
305259
304743
304482
304466
304423
304337
304316
304264
304238
304153
304139
303851
303823
303797
303699
303501
303410
303384
303263
303257
303227
303226
303219
303189
303183
303109
303055
303032
302977
302956
302826
302826
302650
302588
302494
302450
302379
302054
301970
301735
301706
301681
301649
301532
301440
300956
300821
300605
300604
300530
300514
300488
300357
300297
300293
300286
300261
300217
300089
300085
300067
300031
299776
299557
299375
299276
299233
299215
299049
299048
299041
299037
298805
298510
298499
298483
298454
298431
298154
298012
297935
297817
297674
297628
297617
297450
297437
297115
296991
296922
296821
296802
296732
296612
296556
296370
296022
295950
295943
295935
295443
295373
295213
295116
294972
294879
294816
294717
294714
294667
294503
294458
293848
293627
293615
293556
293495
293424
293298
293103
293085
292960
292959
292940
292877
292747
292018
291875
291867
291674
291651
291614
291563
291387
291379
290718
290697
290679
290636
290620
290600
290593
290536
290423
290087
290059
289936
289751
289647
289603
289587
289541
289500
289480
289326
289315
289187
289174
289074
289062
289061
288994
288897
288889
288863
288693
288668
288598
288566
288493
288459
288319
288267
288174
288000
287973
287919
287852
287722
287678
287611
287561
287469
287442
287415
287222
287219
287149
287114
287101
287063
286730
286690
286669
286541
286462
286412
286213
286118
286021
285981
285941
285780
285610
285506
285296
285246
285133
285032
285006
284895
284582
283942
283699
283679
283291
283282
283269
282966
282531
282470
282345
282052
282027
281922
281757
281592
281546
281421
281322
281294
281266
281240
281148
281113
281055
281006
280943
280755
280748
280677
280608
280600
280596
280553
280466
280241
280050
279858
279806
279678
279408
279226
279105
279101
279008
278986
278753
278735
278693
278575
278225
278037
277951
277868
277866
277822
277784
277673
277655
277414
277348
277282
277260
277248
277210
277170
277163
277112
277087
277060
277005
276976
276966
276891
276883
276860
276809
276802
276669
276619
276247
276227
276138
276053
276012
275869
275846
275820
275820
275791
275644
275527
275431
275395
275384
275295
274935
274888
274849
274847
274794
274619
274572
274508
274426
274334
274255
274161
273949
273930
273512
273449
273279
273081
273045
272965
272965
272811
272501
272475
272396
272378
272187
272156
272124
271960
271953
271934
271823
271800
271786
271782
271737
271720
271615
271597
271482
271434
271134
271020
270981
270856
270835
270677
270645
270519
270488
270330
270262
270236
270232
270193
269857
269618
269604
269498
269490
269273
269189
269182
268996
268945
268856
268849
268837
268833
268643
268609
268580
268425
268366
268155
267883
267578
267503
267448
267371
267329
267233
266951
266930
266923
266767
266706
266549
266532
266525
265990
265971
265931
265926
265922
265900
265731
265392
265388
265372
265314
265248
265229
265125
265026
264884
264368
264154
264119
264102
264053
263995
263754
263637
263517
263423
263279
263169
263128
263127
262969
262913
262907
262775
262617
262596
262588
262560
262531
262357
262217
262110
261903
261864
261564
261331
261143
261142
261076
260951
260948
260800
260695
260496
260363
260204
260097
259732
259712
259606
259433
259353
259324
259028
258966
258921
258163
258014
257986
257909
257847
257788
257736
257613
257375
257322
257299
256888
256819
256707
256634
256590
256471
256351
255863
255788
255576
255480
255451
255428
255370
255237
255201
255163
255156
254946
254803
254695
254603
254487
254439
254391
254258
254235
254117
254071
253897
253886
253799
253692
253625
253571
253538
253535
253368
253136
253098
252993
252969
252896
252510
252077
251935
251914
251897
251719
251607
251587
251460
251448
251412
251303
251303
251264
251251
251154
251144
251106
250926
250810
250682
250588
250428
250402
250168
250154
250109
250025
250008
249995
249913
249825
249655
249547
249481
249362
249352
249303
249295
249201
249147
249083
249074
248690
248644
248596
248557
248413
248335
248212
248055
247713
247577
247513
247503
247209
247170
247044
247021
246956
246817
246817
246577
246545
246495
246303
246263
246079
246027
245979
245944
245902
245755
245743
245462
245442
245402
244948
244936
244782
244742
244716
244704
244374
244371
244267
244230
244214
244211
244150
244014
243927
243859
243854
243822
243747
243724
243583
243141
243048
242984
242929
242819
242698
242539
242503
242473
242349
242338
242262
242053
242028
242007
241794
241751
241564
241458
241438
241280
241267
241193
241187
241176
241168
241107
240967
240708
240657
240484
240445
240438
240343
240242
240149
240121
239915
239853
239714
239659
239524
239400
239281
239102
238983
238902
238879
238869
238858
238830
238604
238575
238573
238430
238322
238235
238188
237972
237846
237370
237316
237260
237224
237169
237119
237068
236810
236775
236663
236525
236521
236489
236472
236393
236132
236129
235865
235672
235591
235586
235214
234803
234795
234687
234664
234584
234536
234482
234459
234279
233932
233912
233863
233834
233708
233671
233584
233582
233564
233456
233369
233335
233275
232969
232947
232491
232437
232379
232337
232088
231907
231848
231429
231345
231327
231207
231130
231075
231059
231051
230882
230661
230487
230258
230050
229878
229775
229743
229673
229651
229649
229623
229542
229507
229436
229401
229364
229346
229245
229041
229028
229024
229006
228891
228739
228639
228498
228312
228273
227776
227688
227643
227638
227493
227308
227267
227212
226929
226798
226702
226639
226431
226400
226058
225938
225900
225875
225478
225436
225372
225329
225324
225080
225046
224990
224849
224460
224423
224340
224296
224200
224162
224156
224149
224129
223859
223784
223668
223616
223604
223507
223394
223355
223330
223258
222967
222834
222802
222772
222758
222698
222577
222455
222446
222380
222162
221937
221591
221580
221546
221464
221196
221080
221035
220874
220681
220425
220383
220375
220263
220105
219840
219794
219768
219765
219750
219708
219677
218867
218731
218723
218617
218564
218520
218110
218108
218080
218058
217997
217967
217800
217781
217591
217467
217266
217222
217114
217077
217034
216874
216842
216631
216443
216371
216363
216330
216060
216033
215826
215803
215772
215709
215618
215607
215602
215429
215349
215347
214998
214975
214949
214931
214716
214682
214637
214427
214424
214402
214327
214306
214258
214256
214129
214108
213841
213752
213701
213687
213409
213292
213217
213214
213193
213147
213084
212446
212423
212418
212183
211839
211785
211695
211450
211396
211334
211128
211020
210907
210813
210807
210804
210627
210620
210449
210401
210340
210294
210169
210128
210093
209998
209956
209816
209773
209683
209620
209544
209500
209412
209334
209250
209187
209074
208776
208742
208671
208394
208232
207994
207991
207950
207941
207918
207721
207663
207647
207555
207538
207492
207426
207409
207320
207242
207223
206834
206700
206643
206631
206449
206395
205804
205785
205720
205294
205239
205179
205156
205046
204629
204594
204340
204319
204268
204264
204143
204106
204027
203943
203833
203808
203765
203612
203520
203361
202994
202870
202822
202787
202549
202444
202406
202346
202276
202207
202106
202061
202026
201920
201559
201467
201387
201358
201308
201277
201235
201204
201177
201114
201061
201024
201012
200891
200832
200828
200800
200730
200720
200646
200602
200575
200206
200181
200130
199991
199928
199806
199483
199311
199147
198989
198983
198918
198748
198713
198687
198641
198515
198499
198477
198288
198264
198078
198063
197881
197736
197730
197614
197534
197468
197281
197252
197220
197159
197044
197001
196899
196890
196804
196722
196565
196484
196434
196422
196319
196271
196115
195857
195739
195639
195558
195516
195402
195321
195312
195110
195077
195059
194806
194725
194554
194496
194328
194152
194130
193858
193841
193748
193740
193657
193652
193456
193271
193085
193011
192981
192841
192567
192518
192391
192082
192073
192059
191998
191598
191581
191563
191561
191459
191411
191325
191308
191284
191206
191206
191151
191087
190831
190764
190647
190565
190496
190378
190300
190208
189973
189916
189909
189784
189733
189609
189338
189256
189134
188993
188920
188855
188802
188551
188458
188432
188211
188187
188182
188181
188014
187955
187939
187565
187542
187527
187430
187334
187318
187298
187048
186971
186921
186901
186797
186702
186434
186194
186179
186062
185847
185730
185703
185328
185279
185271
185253
185133
185065
185022
185018
184947
184908
184854
184718
184666
184344
184213
183866
183796
183681
183632
183606
183423
183282
183249
183235
183202
183067
182985
182862
182847
182821
182778
182727
182708
182555
182436
182355
181934
181887
181805
181562
181490
181344
181218
181203
181111
181024
180796
180713
180423
180378
180375
180261
180059
180013
179965
179824
179795
179768
179487
179430
179354
179300
179267
179151
179129
179033
178813
178810
178685
178648
178389
178147
178089
177966
177952
177766
177684
177490
177391
177221
177216
177094
176996
176885
176653
176343
176224
176099
175929
175895
175799
175684
175669
175669
175615
175354
175351
175347
175344
175234
175153
175052
175034
175015
174813
174753
174733
174621
174307
174270
174070
174044
173813
173803
173774
173505
173477
173339
173310
173275
173096
173072
172677
172654
172569
172347
172314
172185
172127
172048
172015
171560
171529
171365
171171
171171
171131
171124
171098
170771
170680
170411
170308
170280
169823
169806
169707
169668
169631
169597
169534
169274
169224
169216
169140
168942
168927
168886
168736
168704
168473
168412
168378
168347
168221
168056
167965
167783
167731
167696
167579
167437
167366
167366
167299
167090
167065
167040
166907
166863
166150
166136
166125
166024
165965
165929
165909
165902
165825
165750
165639
165492
165362
165343
165320
165271
165166
165136
164852
164850
164743
164654
164458
164424
164351
164263
164230
164093
163773
163652
163563
163523
163495
163488
163458
163428
163385
163375
163173
163082
163080
163024
162782
162695
162591
162075
162056
161950
161722
161656
161648
161628
161546
161515
161318
161259
161247
161227
161212
161051
161042
160901
160845
160779
160694
160445
160334
160292
160267
159955
159947
159928
159874
159547
159515
159462
159396
159234
159140
159052
158889
158625
158592
158504
158447
158374
158362
158348
158341
158223
157961
157957
157943
157913
157884
157880
157493
157307
157199
157198
157186
157177
157114
157089
157034
156934
156876
156753
156589
156560
156417
156301
156240
156065
156006
156005
155954
155942
155847
155735
155713
155682
155645
155452
155275
155222
155193
154970
154917
154909
154802
154705
154682
154668
154380
154327
154166
154056
153981
153974
153963
153925
153868
153732
153398
153079
153010
152924
152815
152798
152773
152682
152492
152239
152032
151910
151830
151712
151708
151594
151552
151530
151504
151423
151261
151190
151189
151036
151021
150983
150931
150897
150846
150711
150707
150681
150677
150629
150515
150489
150251
150182
150126
150059
150028
150013
150012
149653
149356
149172
149165
149115
149021
148888
148681
148666
148308
148252
148243
148178
147949
147836
147679
147626
147256
147157
147090
147081
147074
147048
146796
146736
146530
146452
146422
146408
146406
146383
146315
146180
146009
145891
145879
145604
145467
145359
145279
145224
145136
144931
144811
144734
144428
144373
144275
144269
144227
143755
143646
143615
143428
143403
143208
142942
142934
142737
142690
142650
142612
142605
142594
142592
142137
142127
142012
141983
141883
141543
141373
141362
141341
141320
141295
141260
141217
141185
141080
141078
140934
140716
140533
140361
140357
140248
140175
140160
139912
139627
139509
139448
139357
139268
139158
139157
138905
138752
138724
138668
138620
138483
138305
138277
138235
138229
137952
137829
137774
137680
137398
137345
137153
136766
136524
136441
136348
136328
136283
136222
135923
135894
135865
135687
135647
135559
135399
135203
135031
134820
134671
134467
134024
133992
133888
133845
133581
133557
133468
133447
133415
133327
133242
133237
133025
132932
132845
132798
132742
132660
132263
132154
132067
131938
131813
131620
131507
131505
131337
131292
131133
130850
130824
130665
130622
130607
130542
130420
130272
130180
130157
130033
130011
129830
129783
129499
129431
129326
129154
129140
128901
128803
128623
128537
128395
128369
128330
128171
128122
128006
127940
127912
127843
127830
127719
127575
127518
127501
127470
127442
127432
127391
127255
126968
126930
126877
126843
126823
126788
126670
126633
126588
126549
126514
126381
126353
126296
126148
125938
125913
125805
125727
125708
125470
125458
125281
125281
125161
125081
124898
124848
124752
124619
124332
124204
124145
124006
123829
123780
123270
123212
123162
122726
122517
122481
122408
122369
122334
122294
122079
122039
121942
121810
121798
121761
121701
121516
121414
121331
121001
120917
120900
120524
120414
120346
120242
119952
119735
119592
119577
119520
119480
119477
119474
119300
119251
119189
118856
118810
118763
118702
118617
118605
118532
118368
118293
118255
118235
117999
117773
117756
117634
117303
117302
117089
117067
117041
116975
116968
116761
116698
116493
116139
115950
115929
115888
115690
115603
115579
115540
115504
115472
115458
115252
115176
115166
115041
115038
114950
114850
114828
114687
114675
114431
114314
114225
114224
114200
114100
113999
113961
113958
113953
113661
113598
113565
113499
113448
113399
113271
113195
113022
112597
112441
112272
112181
112049
111968
111674
111673
111672
111668
111370
111305
111245
111203
111133
111012
110962
110928
110662
110613
110530
110518
110505
110499
110347
110339
110304
110266
110184
109915
109653
109528
109474
109455
109156
109122
108933
108881
108644
108627
108590
108092
108051
107852
107760
107726
107694
107677
107605
107603
107457
107231
107154
107016
106894
106636
106412
106314
106310
106145
106063
105874
105802
105753
105656
105600
105590
105477
105463
105311
105258
105179
105134
105070
104981
104688
104676
104584
104531
104517
104187
104125
104095
104075
104002
103970
103729
103505
103485
103351
103256
103161
103137
103073
102830
102795
102741
102727
102487
102276
102046
101893
101749
101650
101613
101575
101563
101495
101239
101143
101139
100702
100672
100587
100500
100230
100182
100068
100056
99958
99927
99840
99745
99707
99284
99036
99036
99002
98918
98790
98650
98550
98522
98487
98470
98397
98374
98373
98157
98117
98114
98092
97962
97850
97441
97332
97294
97186
97154
97018
96932
96763
96757
96550
96425
96272
96249
96229
96193
96164
96153
95935
95697
95640
95553
95551
95371
95202
95117
95075
94997
94935
94822
94680
94361
94229
94170
93894
93778
93768
93761
93615
93363
93259
93239
93205
93119
93008
92941
92889
92821
92755
92689
92650
92360
92083
92071
92065
92041
92036
92028
91991
91548
91467
91248
90831
90778
90741
90523
90344
90315
90228
90027
90022
89806
89792
89577
89567
89422
89361
89284
89244
89124
89008
88920
88905
88899
88844
88834
88828
88644
88626
88515
88499
88437
88286
88265
88238
88186
87667
87491
87408
87287
87232
87078
86994
86881
86854
86672
86527
86482
86451
86414
85938
85850
85792
85734
85333
85124
85042
85021
84944
84827
84441
84361
84354
84048
84005
84003
83891
83871
83835
83796
83782
83692
83605
83505
83486
83240
83198
83107
83073
82968
82785
82715
82623
82502
82488
82324
82227
82156
82141
82137
82128
82108
82016
81806
81637
81531
81499
81424
81094
80969
80936
80746
80515
80506
80353
80242
80238
80233
80136
80086
80082
80075
79817
79787
79564
79545
79482
79432
79127
79078
79017
78999
78916
78885
78771
78695
78532
78528
78392
78389
78364
77963
77831
77651
77607
77348
77318
77266
77025
76789
76672
76593
76368
76279
76197
76136
76058
76019
75964
75917
75792
75756
75479
75282
75063
74882
74309
74284
74039
73725
73717
73664
73605
73589
73494
73417
73410
73370
73302
73290
73219
73011
72796
72761
72724
72572
72350
72285
72206
71900
71753
71704
71613
71581
71529
71514
71513
71475
71475
71449
71353
71300
71278
71252
71205
71042
70944
70939
70849
70707
70473
70445
70394
70330
70236
70103
70065
70015
69910
69800
69794
69786
69733
69662
69619
69338
69118
68879
68844
68842
68823
68816
68811
68763
68680
68664
68554
68530
68477
68474
68466
68429
68416
68172
68167
68076
67940
67925
67646
67525
67470
67448
67432
67401
67375
67367
67272
67232
67195
67125
66913
66432
66326
66012
65857
65474
65452
64994
64774
64281
64041
64039
63975
63942
63849
63843
63743
63734
63545
63505
63394
63334
63263
63244
63238
63181
63162
63092
63053
63041
63031
63024
63019
62800
62678
62585
62584
62558
62518
62509
62480
62459
62241
62234
62173
62083
62015
61746
61667
61626
61564
61539
61423
61357
61107
61078
61058
61025
61000
60898
60791
60743
60681
60601
60507
60476
60349
60223
60201
60193
60160
59856
59781
59635
59286
59283
59210
59106
59063
58975
58910
58682
58643
58562
58518
58494
58456
58218
58099
58089
57940
57891
57774
57638
57323
57292
57088
56860
56791
56717
56652
56624
56515
56444
56414
56398
56369
56359
56353
56322
56321
56267
56234
56170
56165
56126
55952
55874
55865
55653
55611
55610
55592
55589
55267
55118
55063
54925
54849
54835
54588
54576
54534
54350
54301
54202
54149
54004
53940
53873
53808
53667
53567
53458
53375
53355
53353
53333
53138
52431
52109
52071
52037
52014
52004
51943
51203
51194
51128
51121
51019
50963
50904
50804
50708
50686
50629
50607
50526
50162
50107
50062
50041
49781
49762
49641
49576
49516
49471
49340
49198
49141
49140
49116
48964
48924
48865
48663
48641
48569
48378
48287
48256
48184
48105
48069
48055
47936
47929
47881
47780
47764
47707
47660
47655
47482
47444
47402
46929
46882
46851
46708
46453
46449
46410
46316
46276
46208
46168
46102
45948
45814
45718
45666
45615
45599
45356
45292
45279
45214
45071
45040
44949
44634
44609
44606
44310
44173
43995
43651
43516
43473
42919
42908
42877
42867
42763
42548
42425
42364
42258
42207
42132
42068
41956
41696
41656
41234
41217
41195
41077
40873
40788
40750
40438
40341
40250
40242
40196
40112
40104
40068
39885
39733
39689
39586
39514
39401
39231
39173
39077
39003
39000
38965
38713
38684
38653
38534
38475
38439
38425
38423
38420
38237
38166
38066
38004
37906
37892
37451
37271
37170
37145
37048
37010
36977
36872
36848
36804
36777
36751
36743
36697
36420
36325
36230
36094
36080
35923
35916
35881
35738
35591
35531
35486
35408
35393
35217
35128
35123
35100
34852
34824
34823
34767
34640
34428
34401
34357
34260
34014
33816
33329
33299
33166
33164
33129
33096
33003
32928
32723
32713
32689
32680
32615
32410
32404
32269
32214
32030
32018
31905
31839
31777
31775
31771
31645
31602
31520
31345
31260
31193
31173
31171
31003
30955
30929
30928
30859
30796
30757
30755
30444
30415
30217
30117
30055
30035
30007
29967
29956
29663
29100
29028
28955
28509
28434
28362
28287
28227
28217
28193
27781
27759
27733
27277
27114
26885
26779
26763
26755
26548
26511
26300
26261
26207
26117
26016
25993
25858
25796
25763
25746
25744
25729
25574
25514
25310
25222
25161
25069
25036
25016
24995
24822
24609
24206
24068
23972
23492
23334
23285
23247
23108
22856
22777
22763
22679
22649
22326
22251
22235
22172
22031
21949
21621
21556
21494
21446
21271
21142
21133
21098
21094
20953
20799
20742
20702
20690
20620
20558
20462
20422
20396
20308
20261
20124
19937
19898
19811
19762
19752
19684
19623
19617
19478
19472
19436
19402
19370
19345
19231
19088
18982
18979
18969
18762
18638
18541
18282
18256
18225
17912
17861
17854
17809
17483
17292
17138
16978
16959
16836
16756
16522
16483
16352
16210
16038
16036
16008
15734
15596
15535
15514
15449
15445
15166
15150
14910
14754
14675
14398
14376
14328
14310
13993
13921
13729
13697
13687
13634
13546
13541
13529
13385
13342
13163
13097
13062
12851
12717
12704
12425
12421
12336
11931
11859
11779
11755
11740
11721
11703
11556
11436
11427
11351
10850
10826
10475
10391
10389
10352
10140
10119
10028
9858
9840
9647
9562
9496
9493
9250
9219
9115
9101
8808
8797
8618
8471
8415
8266
8205
8136
8118
8054
8025
7998
7998
7818
7787
7641
7592
7584
7486
7478
7452
7381
7342
6948
6945
6940
6914
6845
6766
6748
6494
6408
6364
6340
6335
6248
6244
6169
6135
5959
5923
5907
5871
5738
5681
5651
5641
5589
5180
5158
5047
4875
4807
4735
4594
4504
4461
4237
4132
4100
4073
3988
3968
3966
3892
3693
3675
3672
3472
3446
3278
3167
3046
3017
2970
2775
2608
2525
2100
2082
2058
1841
1228
1131
938
890
879
808
669
572
547
452
341
301
274
267
231
181
165
96
63