999822
999293
998740
998484
996935
996719
993698
993568
991815
991413
991240
991084
990691
990242
988757
988686
987906
986589
985991
985565
984274
983950
983365
982151
979998
979825
978895
977868
977763
977073
976403
974310
973339
972725
971855
970197
969331
967211
966403
964391
962989
962713
961483
960504
960195
960047
959931
959513
958811
958388
955141
955116
954682
951485
950727
950428
949244
949215
945667
943258
942559
942537
941474
941073
939899
939787
938966
937690
937487
936168
931946
931780
930805
929698
929597
929495
929206
928611
927868
926277
924819
924538
923583
923078
922142
921090
920226
919045
918629
914549
911784
911507
911363
910630
910432
910357
909921
909823
908636
908613
908121
907365
906601
904726
904577
903180
899193
897593
896232
895836
895402
893920
893233
891364
890599
889641
889003
887544
886874
885525
885463
885361
882811
882416
882311
878797
878422
876768
876507
875910
874570
873120
872921
872392
872086
870016
869121
866472
861036
860264
859868
859761
859522
858749
858119
857662
857427
856471
852939
852704
851841
850827
847390
844848
844684
842199
841329
839561
838589
837523
837090
836818
835569
833673
830800
829956
829953
827585
827435
826803
824704
824222
823710
822021
821770
820768
818607
818533
817897
815700
815202
811932
811029
809841
809769
809503
808468
805631
803993
803186
801566
800618
800455
796984
796360
795593
794389
791915
791746
791717
786029
785050
784037
783717
782701
782666
781723
781118
781003
780355
780205
780004
779832
777668
772709
769986
768817
768483
767035
766754
762699
761900
760403
758149
757641
754860
752859
751907
751878
751748
750743
748775
748472
748455
745244
744784
744097
744089
743994
743214
740946
740286
739271
738749
738352
737713
736981
735868
735866
733733
733653
731072
730264
729413
729207
727883
726203
725091
724423
723720
722455
721504
721434
719450
719421
719160
718941
718693
718310
718159
717886
716505
716474
715681
714027
710309
709386
708957
708920
707882
707577
706656
706072
704742
704718
704694
703599
702044
701774
700391
700172
700068
699681
699630
698796
698721
698461
697260
695869
695704
695665
694706
694147
693434
692569
691963
691425
690394
690286
689977
689536
688542
688303
685285
684245
682368
682079
681624
681346
681141
680301
680087
679823
678744
678546
678170
675940
675758
674782
672420
669983
668431
665894
665664
665541
664897
663216
661384
661360
661149
660425
660310
658981
658981
658509
658306
656839
654840
654792
654616
652627
650699
650481
649777
649483
646914
645952
645190
644940
644559
644133
642738
642113
640318
639978
639813
638992
637983
636615
633774
631603
629532
629280
628890
627277
626354
626321
625753
624271
624067
622064
621493
621221
620827
619783
619326
618993
617184
613894
613175
610256
610225
608747
605445
604311
603389
602882
602424
601141
599477
599298
599140
599037
595810
595280
595159
594907
594842
594797
594659
593533
591485
591257
590478
589896
589788
587475
587194
585855
583208
583126
582931
582778
582621
581875
581047
580067
579934
579928
579116
579077
579065
578452
577540
577217
576293
574464
572369
572078
571925
571800
570822
569735
569419
569317
569204
566775
566599
566284
566092
565125
564313
563341
561674
561355
559060
558044
557897
552285
549716
547647
547500
546898
546823
545031
544546
544421
544364
543235
540742
539943
538638
536535
536279
536107
535929
533352
529633
529353
529027
528201
527807
527616
523546
523033
522323
521171
520641
520357
518524
517971
517078
516921
516407
516361
516266
515858
515275
514342
514167
514073
514016
513405
513287
512100
511218
510815
510469
510296
510206
510188
509373
509223
508275
508100
506615
505628
505587
505130
505126
504909
504401
502779
499701
499137
498155
495499
494309
493421
493398
493214
491549
490427
488450
488429
487718
483975
483648
483497
483005
482720
480935
480205
479982
479897
473932
473338
473086
472936
472595
472237
472107
471885
470622
469453
468134
465131
464005
463006
462678
461743
461373
457554
457149
455156
453117
449915
449496
447746
447252
446704
445402
442199
441759
441475
439780
439447
437873
437626
437242
436771
435331
431615
431609
430982
429633
428788
427603
426778
424544
424465
422434
422270
421947
420869
420716
420503
419110
419005
418005
416980
416574
415666
415661
415272
414610
413526
410523
409110
408171
407412
407308
406908
405577
403666
401148
400056
399265
397841
397593
396133
392773
392519
391428
391384
391244
390290
388741
388185
388016
387882
386773
386672
386395
382801
381532
380920
380441
379671
378096
378028
376842
374326
373691
372894
372841
372533
371829
371394
368734
368310
367196
367143
366083
364472
364358
363837
362503
361625
360940
358959
358273
357712
357174
356774
355893
353397
352744
351934
351108
349877
349666
349217
347775
346702
345707
344838
344408
343856
343674
342939
339744
337301
334899
333254
331798
329754
329591
326615
326499
326097
323427
322757
322523
319504
314853
313217
312870
311429
310171
306332
305990
303796
303475
302933
301696
301376
300931
299738
298449
298321
296547
296252
295567
295409
295096
295033
294123
292940
291771
291093
289104
288368
288261
287619
286144
283487
283408
281244
281135
280715
280075
277450
277424
276397
275581
273271
271052
270548
269319
265176
264200
262404
262048
261963
258336
258066
257215
255595
255401
254693
253865
251724
250803
248354
245798
245235
240832
239505
239107
238695
237209
237075
236410
235424
234314
234218
233498
232209
232024
231513
231360
230612
230266
230256
229948
227378
227256
221341
221242
220739
220247
217262
216926
213761
212193
212022
206468
204775
204294
203716
201589
195657
193230
192757
192668
192115
191645
191518
191274
191061
189662
188733
188587
188204
183853
183649
183029
181628
180481
180367
180162
180152
179120
177878
175893
175056
174061
173459
173006
172580
170741
170458
169239
169214
168858
165225
165019
164910
163247
163097
161722
161177
160478
160265
159244
158730
158581
158423
158392
158280
158254
158154
157489
155771
154920
152181
151252
149343
148855
148732
148402
147672
146591
145535
145259
144330
142781
142010
141965
140832
140557
137565
136378
136342
135822
134113
133825
133107
130711
130471
130175
129693
127825
127619
127235
126004
125647
125425
125151
125135
125027
124980
124104
122687
121664
120742
119662
118941
118780
118666
117030
115779
114524
114456
114064
113729
112810
108187
107103
105414
102448
100687
98052
97117
95167
94408
93949
93007
92599
86593
85435
84551
84208
80788
80590
80465
80215
78918
76959
76672
76120
75418
74513
74448
74194
74136
73179
72326
72032
71212
71146
70127
70035
69962
69449
66726
66610
62704
62169
60607
59502
59464
58551
56283
54358
54303
53832
53451
53442
52812
52480
51385
51074
50652
49928
47244
45652
45157
45080
43717
43636
41532
40069
39419
39361
39132
38550
38120
37822
37197
35852
35158
34562
31730
29907
29696
28749
28454
27640
27161
25764
25704
21998
21191
19993
19721
19029
16116
16065
9373
8708
7973
6343
3786
2616
2111
2019
1683
1334