1334
1683
2019
2111
2616
3786
6343
7973
8708
9373
16065
16116
19029
19721
19993
436771
21998
25704
25764
27161
859761
114064
28749
158730
29907
31730
34562
725091
35852
37197
37822
38120
38550
39132
39361
39419
40069
41532
43636
43717
45080
45157
45652
47244
49928
987906
51074
51385
52480
547647
53442
53451
53832
54303
54358
644133
127235
59464
858749
60607
536107
62704
66610
499701
69449
69962
591257
70127
71146
602424
72032
72326
73179
74136
74194
74448
74513
75418
76120
76672
76959
581047
80215
344408
577217
80788
84208
175056
85435
86593
92599
93007
93949
94408
95167
97117
98052
100687
102448
105414
107103
108187
850827
113729
28454
114456
114524
115779
117030
118666
803186
118941
119662
120742
121664
122687
124104
124980
29696
125135
125151
125425
125647
126004
58551
127619
127825
129693
130175
130471
130711
133107
133825
134113
688542
487718
136378
137565
140557
140832
141965
142010
142781
144330
145259
145535
146591
80465
148402
148732
148855
149343
151252
152181
217262
155771
157489
158154
158254
158280
158392
158423
158581
125027
159244
160265
160478
161177
161722
163097
163247
164910
165019
165225
815700
929597
169239
170458
719421
172580
173006
173459
174061
84551
175893
177878
179120
180152
743994
180367
180481
181628
183029
183649
183853
188204
188587
337301
189662
191061
191274
191518
191645
192115
610256
192757
193230
195657
201589
203716
204294
204775
206468
212022
212193
502779
216926
154920
885463
220739
221242
221341
227256
227378
254693
230256
230266
230612
422434
231513
232024
232209
233498
538638
234314
235424
236410
237075
237209
238695
239107
239505
240832
245235
245798
248354
250803
817897
253865
229948
255401
255595
257215
258066
258336
988757
262048
262404
264200
265176
269319
270548
271052
273271
275581
276397
277424
277450
280075
885361
281135
281244
283408
283487
286144
287619
288261
288368
289104
291093
291771
292940
294123
295033
295096
295409
295567
296252
296547
463006
298449
299738
300931
579116
301696
302933
303475
303796
305990
306332
310171
311429
565125
313217
314853
319504
322523
322757
738749
326097
326499
326615
837523
329754
767035
333254
334899
379671
339744
342939
343674
343856
147672
344838
345707
346702
347775
349217
608747
349877
351108
895402
796984
353397
355893
356774
357174
357712
358273
358959
360940
361625
362503
424544
364358
364472
366083
367143
782701
368310
368734
371394
371829
372533
372841
372894
373691
374326
376842
378028
378096
188733
380441
380920
381532
382801
970197
386672
386773
387882
388016
388185
718159
390290
391244
493421
391428
392519
392773
396133
397593
397841
399265
400056
401148
403666
405577
406908
407308
407412
408171
679823
540742
413526
414610
942537
415661
415666
416574
416980
418005
419005
419110
420503
420716
420869
331798
422270
231360
424465
363837
426778
505126
428788
429633
430982
431609
431615
435331
991815
437242
437626
437873
439447
869121
441475
441759
442199
445402
446704
447252
447746
449496
449915
453117
821770
457149
457554
461373
461743
462678
298321
464005
587475
841329
469453
470622
999822
472107
472237
472595
472936
473086
473338
473932
479897
479982
480205
480935
482720
483005
483497
483648
483975
943258
488429
488450
490427
491549
493214
493398
391384
494309
495499
498155
499137
66726
213761
504401
504909
427603
505130
505587
505628
506615
508100
508275
509223
509373
510188
510206
510296
510469
510815
511218
512100
513287
513405
514016
514073
514167
514342
515275
515858
516266
988686
516407
516921
517078
517971
518524
520357
520641
521171
924819
523033
523546
695704
527807
528201
627277
529353
529633
533352
535929
62169
876507
536535
234218
539943
410523
652627
544364
544421
544546
545031
546823
546898
564313
52812
549716
552285
557897
471885
559060
561355
561674
563341
547500
312870
748472
566284
566599
280715
569204
569317
569419
569735
570822
571800
571925
572078
572369
574464
576293
80590
577540
578452
579065
579077
656839
579928
579934
580067
78918
838589
582621
582778
961483
911784
583208
585855
587194
465131
589788
589896
590478
70035
591485
593533
594659
594797
594842
594907
595159
595280
595810
599037
599140
599298
931780
601141
71212
602882
603389
604311
605445
349666
610225
192668
613175
613894
617184
618993
619326
619783
620827
621221
621493
622064
624067
624271
625753
626321
626354
529027
628890
629280
629532
631603
633774
735868
637983
638992
639813
639978
640318
642113
642738
803993
644559
644940
645190
645952
646914
649483
649777
650481
650699
543235
654616
654792
654840
301376
658306
658509
658981
658981
660310
660425
661149
661360
661384
663216
664897
665541
455156
665894
668431
669983
672420
674782
675758
958811
678170
678546
678744
409110
680087
680301
681141
681346
681624
682079
682368
684245
685285
688303
135822
689536
689977
690286
690394
691425
785050
692569
693434
694147
694706
695665
527616
695869
697260
698461
698721
698796
699630
699681
700068
700172
700391
701774
702044
703599
704694
704718
704742
706072
706656
707577
707882
708920
708957
709386
710309
714027
715681
716474
716505
717886
388741
718310
718693
718941
719160
870016
719450
721434
721504
722455
723720
724423
35158
726203
727883
729207
729413
730264
750743
733653
733733
761900
636615
736981
737713
738352
323427
739271
740286
740946
743214
180162
744089
744097
744784
745244
748455
566092
748775
731072
751748
751878
751907
752859
754860
757641
971855
760403
735866
762699
766754
421947
768483
768817
769986
772709
777668
779832
780004
780205
977073
781003
781118
781723
782666
367196
783717
784037
691963
786029
791717
791746
791915
794389
795593
796360
352744
800455
800618
801566
118780
56283
805631
808468
809503
809769
809841
811029
811932
815202
168858
983365
818533
818607
820768
665664
822021
823710
824222
824704
826803
827435
827585
829953
829956
830800
833673
835569
836818
837090
329591
581875
839561
583126
842199
844684
844848
847390
112810
851841
852704
852939
856471
857427
857662
858119
59502
859522
27640
859868
860264
861036
136342
439780
599477
872086
872392
872921
251724
874570
875910
536279
876768
878422
878797
522323
882416
882811
566775
220247
885525
886874
887544
889003
889641
890599
891364
893233
893920
351934
895836
896232
897593
899193
903180
904577
904726
906601
907365
908121
908613
908636
909823
909921
910357
910432
910630
911363
911507
468134
914549
918629
919045
920226
921090
922142
923078
923583
924538
882311
926277
927868
928611
929206
929495
996719
929698
930805
954682
931946
936168
937487
937690
938966
939787
939899
941073
941474
415272
942559
866472
945667
949215
949244
950428
950727
951485
170741
955116
955141
958388
675940
959513
959931
960047
960195
960504
582931
962713
962989
964391
966403
967211
969331
386395
758149
972725
978895
974310
976403
780355
977763
977868
973339
979825
979998
982151
873120
983950
984274
985565
985991
986589
50652
516361
261963
990242
990691
991084
991240
991413
21191
993568
993698
169214
996935
998484
998740
999293
558044