573477
850375
429952
448442
276247
317462
973402
412653
910155
574589
250109
358254
567321
936480
311720
279101
963419
878229
360796
940466
113022
648625
436070
692324
669471
400250
670906
414659
452423
995604
488215
349783
227776
250025
791499
521749
491667
827117
431463
635942
239714
731730
138229
965180
957067
126968
303032
104075
121942
472316
151708
734901
571304
572544
96550
731988
931615
823356
695521
723709
363120
41217
692761
547181
268833
460066
449935
105600
536152
939998
921594
949915
95075
226702
985043
976422
832180
582337
634407
599436
576599
241107
425667
436673
507316
244267
259353
448465
675965
121701
661370
381611
794922
279678
771796
25763
287063
350674
822756
105477
951371
504814
902478
218723
447223
498623
371775
41195
320931
553025
976229
315205
423016
193011
339469
521477
867892
395457
161950
354097
473181
377825
517770
799159
340758
70944
857755
203361
706533
465401
957363
497140
488223
161042
381384
432386
731046
564229
311522
7584
140716
289315
199991
351124
934387
417752
229878
613296
795691
238879
456233
885953
976420
482835
966168
734159
896718
691407
392102
925724
721527
341350
435796
903604
516947
868286
557057
42258
15150
579509
967555
764887
618087
34260
385327
360877
179151
687860
380137
219765
191561
210813
895005
55865
393403
784985
481791
668623
18541
940464
307399
30859
734539
100068
294816
78389
158625
590854
785334
511616
414781
606967
847844
329966
792098
430652
548133
585268
530814
251897
121798
672760
676968
453683
966857
519022
62509
90523
978202
586958
159234
844547
803237
169668
253886
880304
790289
470921
39401
707396
201204
299048
694295
683290
510954
486533
668584
576090
363172
455809
61058
427423
456277
900868
734106
639462
354391
580726
467824
238869
427020
23492
878304
985265
574407
10826
622129
140248
304264
67646
376869
944550
206834
688396
833655
243048
120900
911212
64041
773764
434686
759931
90228
50963
559976
214129
879608
214998
313786
842920
765885
308225
738837
126148
620216
762729
739899
776572
981644
54004
874141
813156
317438
66913
336116
180261
320655
719217
995522
390163
808111
613710
710703
375794
129783
674679
937212
35217
931819
571600
748739
337800
455940
180059
17138
422630
373011
842147
346924
346674
335412
763181
191151
853057
906486
570928
873078
277060
843686
907807
32680
199483
215618
141883
892351
441877
245402
191411
517048
466626
931940
473350
589764
147679
376124
767900
828095
439001
138724
218617
777759
456954
103505
114100
944415
661929
534284
699111
150629
789740
608921
689271
394052
982921
998466
895751
721719
387634
656269
803602
10119
86482
146383
937763
658377
646790
854079
479578
902874
762935
60349
256590
18638
608760
126823
539263
605234
643741
483835
953613
961690
656235
300293
24995
599901
890295
573657
17861
812499
422415
557760
137829
13729
277784
840872
918322
771638
441988
909189
945735
304466
680192
962722
869262
306007
726661
878029
438709
980354
975553
608185
242349
150677
893943
18225
537204
680886
89124
719008
248055
625349
774026
701270
467726
50162
931459
35100
56353
741350
663220
191087
908773
157957
402444
776585
807147
487399
563368
760867
71900
379077
169140
798569
392241
373110
307806
755036
70236
237068
395398
743779
831908
68844
30007
236489
802140
243724
72724
318465
676777
255428
903473
329801
909753
266706
398382
696220
280748
728188
792246
883118
765733
713183
489524
793103
54849
999278
71514
486182
503529
589936
745682
381903
856385
624408
673157
16959
678153
675241
576088
509031
882001
223258
715930
276669
789783
57323
352072
524148
214402
51943
95553
990936
184718
107016
483561
308098
711091
151552
98918
933371
371727
425292
421254
405425
10391
847320
512935
316125
668572
325737
171131
594596
420364
53667
189973
561577
398247
916358
759916
316440
386401
414338
246079
476981
548821
145136
271597
665641
890278
539193
917263
606994
499389
993708
844950
414664
947851
963655
726726
536378
723974
884549
725843
894604
880130
203808
778494
56322
362923
346055
207647
879231
2100
217266
818161
635003
742937
637890
7787
528004
544381
175234
478714
33816
740540
655505
47402
377612
435524
597063
480429
772501
60476
912336
617874
15166
419403
721342
451190
290636
168347
689081
227688
686762
250428
968833
848630
619876
690212
130622
127442
618896
982764
341728
558764
482076
893116
991003
608683
185730
36230
462036
452153
809225
353465
938380
677984
158341
582258
363776
283291
820539
154909
775153
850342
787044
806525
370896
529399
920006
582698
317197
671625
565993
566665
78364
276809
785985
253571
592734
559065
850346
703547
13529
159928
80969
104676
739667
477292
537957
967674
80238
728377
685336
559471
384143
21446
957341
119300
742306
577281
250168
115888
839955
241168
722745
933208
80242
365024
856717
432231
161656
165965
771586
35531
634986
497448
765165
371299
225938
741466
596567
606796
862001
751904
381150
557083
802715
62459
233932
833935
986054
338279
677502
274426
507287
700510
303384
103137
443672
865508
482165
864068
258966
708600
963689
605138
88186
603554
379416
869390
79017
366618
744010
56624
918074
421050
751652
272156
992741
514372
810778
6845
207242
596291
153925
361569
927935
107457
71613
524003
338564
875534
772173
385337
987578
682617
655683
231345
877885
410466
125708
827498
372513
437115
770613
557408
503994
898565
46929
117999
752478
904847
418933
534232
159140
63394
383379
240121
780054
161515
831336
659167
986706
206631
178813
421347
699528
736372
452
385163
841383
87491
194554
189338
351988
952305
670439
560250
949087
126514
580523
352762
129830
564566
534824
455692
583524
406549
257986
517558
703270
200730
242338
475285
682137
432637
569064
766188
270488
251719
596795
477051
634015
286669
56515
787252
390907
118702
226929
27114
742481
68477
85021
185703
739666
249303
518392
88238
201114
200891
844182
56170
93768
357403
574561
862765
621767
430281
657578
326958
259732
124006
648681
449866
797923
130420
567196
8205
891390
437258
926487
419504
552915
579632
715723
518374
444251
3675
416340
361982
347185
244936
270262
263169
734804
277868
526685
980810
426265
434507
656982
627323
237119
190300
26763
536079
657765
825491
261076
274849
333966
277282
800009
295213
303219
784546
360515
598432
549412
362110
495521
132660
811044
499297
34824
854515
429160
210401
333943
469443
340908
290718
972826
141185
799831
97441
982155
495145
402311
509841
107677
274508
330533
167040
240657
886536
86527
271482
665076
15734
201467
52071
939049
279858
550218
487356
814438
236663
285296
636572
870856
950856
16008
627541
8118
850541
92941
268155
773448
508116
104584
290536
669802
201920
626464
773223
360426
460233
484721
277414
966070
630329
366235
39000
574344
887552
441218
618065
624466
829653
101139
630122
988317
800320
856107
528042
570648
510001
733528
343026
982513
640566
507976
941626
840779
876295
877783
785027
54149
987620
888356
572743
555448
880078
335648
54350
352977
854180
700365
444580
189784
711059
114225
307309
844119
414783
254071
661157
762105
68076
272965
752036
56414
398290
263754
410918
677941
647604
341108
997260
5158
802761
158348
769736
346187
191581
827986
141295
669602
5651
452064
974113
722238
169224
957322
359688
243854
167366
316139
399261
481270
417920
178389
627523
992733
138277
623150
473004
406410
279806
621056
884094
265931
367720
777506
108051
110347
608583
599638
726661
943784
306429
965598
383248
867843
865411
945305
502501
325372
772838
346062
397652
385723
747971
719220
39003
205720
25796
445685
190647
327388
820608
623688
687867
695125
785036
436971
870798
67448
397719
50804
416703
501564
506329
471434
446017
943029
992517
43995
287114
94361
928468
842635
977015
864282
739520
104002
601031
300286
244371
106145
208776
285133
128369
920881
286541
826404
302977
28955
304238
327897
263279
878710
193271
810769
646882
528008
447622
434893
357723
490810
698143
872330
884300
900642
889079
255576
949523
834430
837260
480677
278575
80082
873408
157961
856067
413478
501040
16978
941034
68680
516612
549430
380340
959959
423101
962630
777817
127391
844173
348612
335016
724448
152492
971930
744781
63
970677
12704
930644
887995
173310
479050
232379
809683
596456
292959
803327
308875
881710
397344
581580
55952
215826
426605
455012
978986
885477
113399
378879
480320
475606
718601
426873
701637
900403
62015
371900
923695
281421
331857
759486
571067
348400
225875
214931
506677
932719
654581
280608
824848
713792
632889
587168
441412
423666
721085
682151
452360
121516
867945
738066
838366
216443
944784
289062
304743
339792
553410
802760
881790
889581
299276
195739
767368
719724
3472
975658
752364
916245
817222
20558
602337
243141
822958
536272
202106
398959
274161
96272
71581
515598
822655
847318
857047
50041
611198
910805
64774
291875
104688
601290
721313
265125
508392
705118
778614
927567
869812
592667
423954
758620
800401
308925
570668
354901
334956
876978
201061
449281
925229
28434
669522
272475
960771
505494
682350
332925
852998
504494
963092
847780
601501
30757
612307
585056
95202
733471
372438
343850
731046
753271
188187
781626
206643
179354
474467
175684
818718
299557
408462
515953
951873
242262
607985
795515
509444
839376
633547
269182
813541
577610
775127
167366
967412
825961
566939
25036
615463
750419
101650
592858
916202
825724
186702
358328
141078
115504
816725
63843
395804
949443
446389
3278
42867
216033
566853
904301
429001
778395
375256
924785
720257
541314
884625
105656
351471
470928
10850
867441
28362
718911
358623
169631
871177
773305
918872
321750
387586
689162
180378
826239
133025
527927
362364
166125
456901
888946
737781
43651
325386
786557
420305
877425
11779
932294
359445
213292
620117
724473
693052
770521
310296
39077
533834
477922
653056
687388
233863
281266
219768
979853
712016
182555
494098
242984
754710
636942
173339
745890
34428
340534
921555
302826
115166
190208
890696
933235
899103
794506
982481
976322
792736
373533
711551
419306
88265
868678
635806
105311
278986
328940
420364
37906
185022
299776
964788
132845
541344
440849
384427
676809
374491
627753
178147
854710
336202
852949
229364
590153
951469
847818
562491
756808
8054
207538
361582
876374
812268
754890
277005
281055
682786
534651
181
28227
738319
278037
958404
572948
898338
348904
526552
981679
782182
555316
223859
523218
852924
308773
722173
575081
6248
23972
55063
942127
881956
424009
302826
147836
721531
635862
89361
838916
107726
388469
870030
328964
174733
720241
426857
395182
416445
427834
112441
697618
599594
792348
111673
81424
873461
596585
448543
35393
698736
179430
95117
803587
948517
888270
532860
391942
591879
63244
340308
574289
6335
535632
482412
529564
955439
355897
838206
367628
947904
931343
842829
687473
680786
844136
475797
478610
429922
517968
274888
384746
478765
63734
275295
963817
658463
63263
654493
705301
188802
935056
813641
655107
657107
573499
963800
287973
958742
127432
487748
823242
653712
890799
526933
128395
859244
453560
929661
485988
196115
9840
569386
330556
430439
293085
775446
637030
655277
361570
620253
613269
989306
501914
214975
897672
593212
679935
309670
186434
987155
528913
787484
481084
560283
390885
71353
619818
186901
725315
17854
996801
33329
654620
730722
797016
157198
877506
167965
456551
857805
418064
546994
471299
133557
360117
175354
173477
414746
849031
278735
604344
630454
325622
109156
778181
726945
635406
951442
952516
414571
432524
99002
816058
79078
820577
233708
661177
596939
495546
856945
505406
450630
244214
768980
502754
395956
117041
934382
313970
693798
971228
25858
467828
114675
295443
231075
778325
299233
815471
340917
585142
233582
648801
307060
820203
199147
381437
764591
482068
22679
684257
865715
996108
263995
289500
702804
969910
345193
995077
105753
321716
398807
489633
336258
480474
947296
802329
392740
145224
361745
991378
800523
241280
876161
703465
880550
437714
888273
430761
766820
753138
368238
493622
758300
467167
404828
509219
770750
492270
733767
946720
938787
727613
799855
370945
990166
100500
944241
505862
176885
91548
414292
362356
891475
223355
385310
11755
780783
372980
562803
97154
512296
585785
333256
22172
264368
88828
539623
90344
707130
881540
451538
920602
498548
245743
305614
757000
967573
581453
720229
186971
598769
3672
399039
180713
345494
836462
214682
202787
414451
485486
215709
875511
663711
97962
458214
695168
110304
699369
51019
661782
690271
656299
350645
502291
381476
645112
926007
901873
610388
418078
739402
888649
725297
506698
954989
508166
868985
502743
193748
808684
655697
915428
82968
744016
821837
642165
471360
957001
822149
940694
826976
923438
922615
437824
995701
119952
789603
425465
288994
995484
307983
712485
185847
830316
569180
265926
523242
731358
332498
815759
193652
380100
46708
778110
506389
990986
196722
881628
158447
245462
726627
48105
96932
234664
432985
287722
505486
290593
85124
443278
498180
200575
470117
250682
527466
329844
622206
170308
633548
53333
275820
148243
123212
672185
946476
19617
814531
234482
887061
382589
740328
782966
505396
703371
531063
604880
399744
258163
904874
254117
932272
25222
700377
301649
68416
715556
962733
638790
30929
907828
556961
783929
83107
169216
921551
661591
881079
956853
23334
919009
46276
802995
5923
935593
137153
525508
556594
128803
705470
355030
89577
380556
869579
561152
948339
868825
315789
211334
610186
621504
47881
869289
260204
361465
325772
33096
773585
551190
361171
477886
747931
296922
687493
355439
486744
741979
654995
769522
990359
335041
746485
535718
395726
579102
439295
741150
494757
529707
635045
472702
723902
38475
981794
878353
868285
152682
201235
296991
648513
994559
843507
929748
431936
496755
273045
817253
209998
301440
575634
917880
14754
780533
985655
499985
756738
655886
758651
442391
211128
841293
154380
244704
628103
429010
770084
348826
620577
998708
459475
914059
164230
327296
227643
412791
32269
341530
285610
597165
424821
13921
218564
677144
515013
368525
562860
247021
433105
358372
353522
736785
859391
352036
824507
928841
117634
344779
893632
821927
363899
787901
689321
963608
999607
313470
25574
107852
362437
466033
494977
852017
358785
61000
818362
279226
918612
664389
511105
523518
589943
972031
742636
767061
687614
919650
309704
254487
622777
640739
204629
789084
455448
311475
304316
911126
896024
559933
552969
977861
455741
769388
238983
730775
934057
49116
702313
19623
249995
577580
31602
908163
762293
907246
183235
843030
576095
102727
161546
77318
250008
648433
182985
340947
210804
869313
323073
641656
139357
914711
542974
766928
771284
709347
829529
847126
21556
729889
36848
626677
878735
157880
6945
262907
354842
517388
917592
441948
329047
562152
895104
319171
501342
190378
677327
924846
435938
321808
434672
765600
457584
997848
440144
979514
192981
447382
769177
343822
853853
77651
872476
745255
274935
166863
912199
747422
344570
619311
579267
461069
339557
586398
417392
143208
622343
310131
34401
646658
490313
643946
62558
461412
380132
484016
26511
970526
341620
652819
871133
238575
630938
611862
533497
952984
351248
594859
360931
595575
102830
767178
600168
734529
622863
323031
292877
516342
295373
363727
5681
478471
778708
645142
258921
209620
20261
165909
859921
601848
477274
112597
92036
163173
238235
139158
931261
718895
272124
9647
60601
501168
302650
516952
293556
179965
738799
977282
192518
129154
224200
162591
637069
949254
857770
476886
418181
783161
108590
947373
19478
596784
804104
69338
368262
666669
915049
626298
903305
690466
589288
562578
161628
458966
681662
547090
96763
224990
968835
432892
841506
774319
671793
124619
411971
443496
104531
573414
71252
396823
22763
702055
14310
4132
999211
302494
630180
336200
908326
214716
681212
992251
328717
71449
556223
677925
807619
654863
982608
698776
961359
196899
351225
149172
110962
574956
470883
157114
47660
138620
978019
312801
749917
559686
151021
894883
891282
432981
798642
812297
595436
345512
38439
848230
441431
82128
687212
889057
80233
268366
18282
590695
845359
503343
418251
528837
476488
187939
412808
632310
32018
946943
908070
965047
999357
679938
728300
439982
1228
213217
205785
7381
7818
537963
146009
317603
518793
968009
669192
150013
288598
653083
932585
634235
332890
161227
893700
694637
317967
242698
919117
264884
618611
860437
207409
25310
958103
31260
248557
743017
850143
198983
772784
20742
187542
742582
193841
717943
380546
567253
641768
990357
809104
584793
485269
354376
538210
765832
376934
128122
88905
280600
567431
442869
19402
767984
249083
660389
31193
242028
387121
451889
772387
324935
680372
185279
589926
133242
777653
787904
981736
395465
726956
109653
610565
964139
36751
995454
541039
759565
126353
560479
234536
655226
297450
374229
60201
17809
311142
734979
460206
545012
436367
706394
971016
588265
215607
867249
393175
640194
209500
22649
201277
246577
832865
4461
357286
571623
912988
418533
949934
750052
768929
860946
942516
912907
11931
407693
207991
82715
640895
127830
824446
725908
165136
743559
977709
934603
636910
234459
679236
420469
900939
567085
63041
986221
73219
505718
473436
300514
942255
845245
168412
32713
973589
830078
489176
89422
850835
39689
928996
266767
387630
860581
82227
541053
496302
505187
984735
52014
118255
619793
783951
992053
337991
157307
84005
248690
815925
339127
510743
752661
787297
266532
507618
664459
378501
996730
650484
936581
523224
559416
404756
556118
890573
733212
555966
541997
164654
883969
531892
627327
62480
832077
712275
436926
146736
728742
147256
311237
72761
77963
351056
679945
927289
368172
956166
701823
826803
92689
348369
355297
40873
700224
376303
753441
669523
391449
791626
140175
777587
463716
835310
190496
395766
127912
636988
892429
759535
469347
809654
765940
202822
164458
448334
932071
802227
261142
48055
122726
63743
207555
67375
910895
571781
350602
516897
798648
644826
313800
733147
310121
783310
647689
680856
998076
225372
590593
417138
668167
748806
770660
58910
15449
539351
919268
640123
989384
760737
397001
105874
304139
145604
48378
228739
984055
620654
603247
573411
52431
73302
212423
463567
711990
998878
714010
108092
489398
12717
110499
755071
675334
688825
40068
938323
291674
493628
754480
863654
137680
808386
240445
472653
720740
154682
276053
580626
664633
749440
243583
800966
263517
481938
691593
360900
239524
771602
515392
232337
890964
191459
786715
59635
362961
718471
625094
970595
340577
745047
488064
766203
731245
215602
59283
484859
90741
743841
365066
518288
416583
327922
102487
338208
396491
584439
755534
137774
479945
192567
821072
936866
767870
541433
444500
601530
811868
998038
548340
570490
653992
874169
232491
247513
597080
269857
938484
95697
394489
116698
319621
13385
287149
67272
332902
860571
195321
204340
596512
874520
523980
125458
495886
324889
244150
944546
902301
42763
372952
782769
46453
25729
40438
529615
72206
83835
396798
695217
587075
427932
136524
480865
451355
320502
493157
375617
255863
262588
422145
269490
581418
962610
646515
399027
294458
440766
45599
45279
840765
473884
336093
277822
281240
332678
317848
485749
713325
372528
896818
435836
918695
84827
262110
630338
547791
983406
466953
939510
459695
990178
655721
394271
420140
891488
442156
320010
629088
557835
418386
331024
276802
21494
650889
419341
287919
717399
65857
223394
90022
9496
644610
79817
372025
252896
658513
961126
966740
792398
465774
262775
949431
354916
973418
6766
555288
871438
887964
856591
992374
402300
439959
447258
93205
602713
856545
697787
706954
150983
193657
287219
711734
880769
808637
741445
884144
768446
858968
171365
318005
277248
45666
624802
799070
487808
793096
822780
301706
886569
637274
728826
362798
109122
444270
435491
481722
879
919454
234795
761429
612856
146796
502391
759207
81094
90778
869537
572994
626110
73494
865203
672554
851793
202444
937901
467390
968633
82156
119577
265229
585416
30444
404625
223330
378995
73717
352853
753525
390382
532670
509906
409155
428397
707565
271737
963894
379365
354726
961418
70330
183282
353340
200646
222758
668930
841621
271434
639946
469503
784987
651839
587724
66012
475071
42132
775123
269189
332616
673701
81806
448210
593404
156560
796308
776114
904627
663439
85850
937250
103970
579555
171124
151190
850522
465354
791606
784980
825988
208671
63019
865190
440769
624127
331502
113271
683626
612445
531491
861527
754034
106412
90027
930274
623350
496569
943441
904871
143615
723065
40750
724446
765598
229024
513420
49198
376108
531852
656620
744582
193858
295943
388648
438208
631002
257788
315070
989657
500968
366034
832980
209334
437502
234803
366122
2775
996602
226431
318141
193456
189733
413464
473761
619502
155954
484395
328550
4875
928369
46882
731355
622412
524830
477215
689060
101143
853931
978389
504004
700684
970014
897220
22031
511070
104517
22251
963394
334075
461220
753758
700366
285506
294714
649650
454322
719033
895724
917684
528286
288693
297617
308191
159874
715375
847794
717291
445827
676952
514823
948804
348154
175015
416976
601489
15514
388246
726618
224423
4504
771317
392550
938339
382014
114950
343497
365463
811271
740905
592075
58682
638745
481900
365738
768689
334145
315530
860689
240242
645071
940435
84441
142612
935280
715512
375068
332186
556625
74284
114314
300488
738786
605921
277655
303257
18256
198687
336154
715661
465147
571679
148681
361896
224460
138235
963734
241751
780034
655280
548002
586101
464491
900327
168927
537703
353400
875501
864998
577402
19088
19231
70707
597653
813258
646751
524296
928485
845702
456015
89792
633718
295116
133888
30055
742795
302588
953018
105802
592796
455088
105179
342482
593755
155645
149356
834324
912379
199928
456291
242007
978260
943768
455623
56791
41656
860162
271720
991659
754925
969286
344285
540783
672453
124848
227267
555634
498688
510916
520814
598630
580986
336332
271800
782791
865048
871712
338075
855281
160267
931035
809443
173813
56860
311632
971024
89008
458324
486822
321873
344574
717525
522465
722371
469761
902959
101239
584811
953420
401484
490149
253692
901502
851152
32404
979596
172654
648265
564246
42919
617628
686343
400943
211450
364440
38066
886369
397689
394317
667585
367196
829035
629823
653330
284895
781455
110505
817204
6494
657182
531505
371649
179795
19436
427037
568191
836240
982612
709503
579459
475394
184947
489503
387717
160292
552176
539121
689286
62518
221080
493890
374286
175895
168736
445084
373567
968380
526947
881075
631916
76058
828815
584286
477629
756265
283699
903732
950977
447066
205179
508924
629256
875768
970709
518156
64281
950019
339291
776740
58494
800240
128330
534670
158889
583834
83073
415440
675459
818427
971887
246027
537480
574499
452317
510793
975020
802281
61107
163080
302450
336367
744508
909696
463292
30755
209412
625750
456685
258014
642218
236472
800436
521175
241267
440078
840644
633544
779904
334759
926656
623933
62678
892674
57638
652385
879759
785515
912368
455569
920122
760041
487557
140160
356075
399143
535853
399210
234687
479434
945964
116761
69786
591661
216842
378068
175347
885593
151530
964404
293424
238830
809292
660830
204106
542162
156417
368273
453539
889838
124145
558521
848578
362275
22235
477000
639240
836499
63092
127470
198641
899550
779604
77831
78528
527248
827368
217222
444309
372717
793711
913694
19811
951567
161212
120346
564571
926506
768948
769260
169534
790195
533572
455046
330872
408761
268945
785855
532123
652474
853489
106314
382620
947135
236393
101893
293627
968566
739851
574451
309240
881306
953292
380823
776688
79787
715115
59106
770387
278225
237846
263423
158592
395913
727370
70015
748551
344144
431942
738907
639062
275384
791999
297115
154705
966241
249547
659745
238430
657156
834581
951547
16522
220263
413649
264102
479758
307096
378348
851398
427646
513747
152773
315243
511902
58562
305457
784748
238604
840125
528440
217034
904284
724400
248596
825886
778152
104981
879073
57940
309256
410056
831227
553648
549653
994230
5180
282345
324418
523770
454460
975706
31771
869035
940022
780213
818305
574477
507208
135031
274794
452449
705530
361990
877079
380605
530076
68816
152924
486909
960582
379917
497805
558860
298483
792873
827288
133327
415000
882584
68842
114224
658475
171560
139912
531913
986311
316249
667102
603130
502189
327580
943233
531923
655935
137952
430918
294972
427242
213193
805580
943230
780443
198063
154166
747980
800959
688386
506170
542206
772941
361902
859604
770781
280466
395886
464610
755445
667434
288889
336164
191325
711569
959472
181203
824729
701959
54534
348122
349217
607709
154802
511441
410176
872769
721199
795116
280755
188211
655194
973218
396043
29028
613725
478753
510841
257736
666054
144931
9858
958861
540637
32615
415471
329902
423443
513359
972680
949200
160901
525015
815397
141080
871107
399377
608919
201387
348815
643268
157034
986064
6408
890593
674671
249481
401966
138305
627415
680026
782039
580789
799035
835688
151712
585705
506963
877871
872799
371374
876310
531056
272811
364717
928991
222834
638916
287442
523273
204268
526220
43516
288863
528389
830072
344377
38425
680746
512135
775065
221464
300031
685922
271020
68530
240484
351878
541044
764845
505787
76019
428936
789865
670651
214327
335082
844359
730631
445032
487565
683983
730066
399886
511745
275527
612780
317495
635510
527292
466549
444450
794797
426681
859034
407031
931133
36325
71704
503917
601354
292747
504312
121810
195516
330095
679877
233564
126843
979564
924412
996341
545929
570469
250588
240149
642149
290679
307737
385004
959931
281148
964702
507891
355955
901376
274847
297674
162075
713764
478353
53458
489184
968931
451929
537956
41956
473811
290600
292940
808680
49141
545827
713281
692010
53138
627154
318187
859211
412449
555607
878680
445365
569051
732669
562623
587253
979433
764122
354945
476805
855536
615852
675725
116139
632813
535039
875102
958878
15535
976624
510914
681036
647297
566521
199806
575695
968738
293848
653787
632890
744645
783986
203612
771005
908988
768109
184344
990339
618880
4237
19370
645492
318398
198264
532458
150012
863667
646200
386551
298805
939836
486584
211695
682981
980854
120524
682299
281757
454436
448671
798215
530504
178089
838442
911240
196422
974149
873446
111133
44949
721192
252077
990311
711999
786482
983247
753028
955711
198515
570135
16352
802377
469753
283269
94997
826470
472246
627409
934551
236775
182778
48641
956836
283942
280677
26779
5738
534053
542191
594668
448278
847038
416278
210340
320240
950572
298154
636881
324354
324112
9101
58518
357616
68664
92065
426281
579231
875190
479185
637996
78885
987746
191206
687793
928576
118605
987865
36420
941144
977332
620022
355813
763227
518623
885495
433654
410266
306984
329621
415022
125281
582428
133415
892868
36804
228273
144269
504156
956617
340909
32689
236521
739211
305460
771688
174307
924756
461629
440524
673462
494926
547935
866774
787329
698078
314274
794601
157199
624680
572
16483
860344
130824
362875
857126
838626
752930
966798
498613
791954
918652
119735
567016
324767
871216
714781
977207
256819
639567
802883
808414
80136
923267
356477
2970
908276
49781
487939
254235
239281
288267
818503
530916
195059
123780
552584
579359
719047
546770
781276
42207
186179
938094
931764
254391
189916
645640
950984
211396
53353
596403
362666
747303
570785
816878
223604
113499
697822
136328
685536
160445
111245
115929
398170
277348
70445
941151
82137
187430
922456
50629
841892
885131
190831
59210
181490
603637
492325
353891
880748
195558
12425
819723
318812
119592
352035
599976
532322
30415
886100
730727
266930
396316
592042
610909
812756
56652
130665
863664
213701
999513
123829
458793
378768
979149
297628
727386
488824
300530
22777
299041
472312
752993
776727
613652
866242
769079
31775
392419
80936
165166
129499
574050
876962
93894
6244
117067
689236
62800
900697
645344
137345
681027
378231
10352
597577
45040
766887
949635
25016
456580
878330
571455
637828
914131
689379
368125
178810
960101
142942
432573
859856
810580
616067
716220
411087
941544
245442
653533
268996
367954
846052
672162
575315
447415
12851
11351
760681
765146
860579
936164
713249
641655
949806
230882
168056
251303
366156
812969
150711
13634
410161
657055
266923
830033
748766
260948
892076
683483
21098
564246
482077
308078
697170
397215
564658
570074
54588
813160
978116
700694
520801
973060
349798
91248
676221
29967
536219
979224
855565
159462
758912
730422
360177
401258
35408
756985
150126
409285
779260
508321
872628
565168
627988
73417
899485
229346
877361
868583
577436
405218
117756
388626
26117
513642
995534
964866
418690
289326
596882
723329
720707
139157
979834
918156
478391
8415
45718
998523
349811
86414
487459
146406
934034
71300
314445
346216
650318
253538
173096
76197
608942
513574
790106
386262
811717
219840
80506
879356
544098
859123
35923
706666
712772
570128
495414
308199
269604
333240
788172
487044
878819
970127
318782
317822
51203
274334
604987
839959
536072
459043
417178
740246
972083
859517
862152
998394
142690
62585
434172
353448
251448
756589
202026
932467
551606
494039
884947
331078
822479
44609
846460
237972
697519
639556
859113
635492
349229
7592
892348
343338
378928
329899
571813
621606
663149
420047
150515
618481
760070
760062
398472
942485
152798
742926
444936
458770
839219
340856
506891
485978
731320
988110
748958
223507
731838
251935
103729
141543
115252
174753
250402
495630
366938
640147
573044
303797
539872
131292
164351
615821
616133
574508
689610
182708
985961
524346
32030
558377
524487
516787
47707
367088
475491
319685
584509
4073
773520
210449
679221
393792
887789
652696
644333
737392
218108
946645
573251
740763
48964
131507
839566
38166
931134
345920
961373
860701
959965
96229
907491
225478
641507
721530
108933
300821
297437
126588
862256
106310
759026
517264
334298
239400
506069
111305
866155
171171
575077
795850
150846
601554
525303
300217
164852
637516
444811
574770
926095
743518
291563
148666
444037
978663
548429
438737
646482
370513
188182
475526
634474
641507
760870
721048
194806
705285
839888
575462
594687
817553
521314
381480
963017
181887
986489
647171
298499
892054
755090
883755
542535
11740
443806
73290
629510
1841
887898
962083
268643
601260
197730
58218
437066
654740
960503
944481
386612
555654
448774
461552
170771
380032
474008
799916
612565
655652
190764
257375
344015
119251
912468
524207
345125
638987
251106
517408
253136
428242
710068
775466
831714
597395
307390
738896
938
790664
322973
752135
782842
222162
485750
266951
253799
768667
947136
883484
828448
574530
408476
746534
177216
282531
522033
155942
688754
200206
364578
378382
14328
562524
906662
756862
645346
403059
837453
254695
473357
9493
537763
805171
375256
770257
389402
132263
294717
10389
385690
728402
342015
742544
161722
545693
562098
367177
75792
730275
218058
565279
675308
910764
438316
270856
941571
270330
56359
71529
543928
850240
966980
286412
827538
999631
512924
502267
870814
765105
60898
742856
332408
524784
570279
257322
982563
512822
545020
277170
31777
6135
835912
167696
270981
459131
357793
927220
128537
706065
76672
467860
379730
871911
316309
718962
678203
201012
746676
944763
116968
51194
166136
306654
121001
827308
265971
876208
277112
472822
515958
503856
762516
607782
980059
891088
413004
982718
796996
144227
853231
953302
415783
61025
482341
931710
576050
599788
881289
410474
616568
994567
629972
553526
311607
426689
482695
141320
289647
880728
172048
739383
896247
762788
775829
528979
207492
83198
107760
787769
496012
526862
165929
463490
987730
410005
63162
683994
82488
636094
83240
7452
422428
542692
942444
381599
986712
234279
545200
154917
506412
996649
466556
321498
710236
207994
722805
969937
463796
712917
835605
753555
47936
958261
527510
831729
604409
389470
555176
658628
671256
645193
640146
741669
680966
263127
25744
715839
562437
561136
515705
289541
581647
636406
243822
583451
160694
856666
26207
724857
47929
68474
327326
981557
905761
16038
997742
34823
823651
620022
843525
505433
207426
88515
593449
396516
359478
734625
608969
956686
559604
255451
68554
265026
855866
390193
522834
907752
455758
907487
26755
19752
616043
892396
703383
434766
294503
695985
743775
853051
46208
943944
750758
405123
981632
814343
217800
46851
282470
19472
742585
195077
288459
871630
948393
958293
395667
58643
477788
497008
332013
394620
571581
366411
736929
854679
227638
406231
960124
442425
267371
341660
633778
413763
618958
322284
128171
853942
623162
624642
360397
147074
781399
595088
916674
420092
185253
382656
568730
512838
20620
960866
75479
404117
561005
447836
766945
835364
634375
391003
35738
918193
930459
789922
781207
398702
248335
718218
854328
13697
333646
751480
113999
819050
992956
254946
448167
543342
338673
106894
962498
364188
816831
19762
972652
232947
918478
2525
525835
376957
434139
539805
201024
615706
707252
896511
354858
27277
991621
161259
711972
448567
488437
324022
980943
609034
59286
307097
800808
579812
924293
805848
532226
917890
548426
88920
751036
784378
175669
233369
168886
93615
50686
21133
925909
881643
60160
845853
843205
491321
674073
96249
9219
446101
267503
810844
942962
259712
734532
123162
56234
48287
350707
964684
852218
429564
842212
606255
318498
567622
759421
527990
219750
373288
429704
659139
510748
214108
737963
196434
916899
991836
883228
484771
373353
977792
598278
507205
459744
216060
233834
229507
372570
376660
605692
161318
195402
929925
163428
814778
100230
10475
626977
232969
167783
200800
717139
218520
403153
392939
911197
975517
657259
952497
128901
157089
596829
99840
279105
433991
682656
475224
261143
191284
285981
575066
648411
634410
455060
281113
402248
8618
81499
228498
882668
168942
255788
842201
885388
436774
529668
144734
105070
115540
394237
243859
601451
499007
745308
277951
584428
698565
824221
8808
708907
715876
719530
301532
498638
618625
494019
189909
654648
222455
478800
485896
91991
821831
526584
124204
617571
872228
568305
821651
872150
141362
171098
466270
982228
212183
580417
817040
247713
316747
167437
965539
704415
344130
83782
498620
820004
715577
885608
420122
21271
255201
386310
866636
960548
381011
676227
750897
6340
237370
179267
163563
809437
769896
647837
874158
620143
184854
531396
614593
767819
20799
672459
798750
584696
39885
79545
557227
385759
7998
626384
352806
414624
663539
418943
563990
457017
96153
835906
619928
30796
793200
927570
7486
714246
783978
633411
336709
138752
539063
679510
265314
842913
327124
857744
184666
251154
259606
547049
867252
657202
868748
413345
202406
216330
723085
53355
767700
122369
241193
589643
777031
793527
173505
203520
271782
998986
759213
280943
553648
374896
253368
120917
150182
533362
308035
441129
54576
756854
414724
496678
63975
172185
206449
961247
857821
946891
937899
740370
73589
559213
474101
523727
110530
345787
20124
551132
244716
973736
796032
425649
547093
325304
359727
163082
403516
935031
672218
815532
981536
222380
90831
743734
541874
80515
795289
665097
311805
301681
578227
542432
774978
761916
353725
62584
743068
949295
461173
354617
403700
985462
933905
681047
760567
460345
986465
275869
201358
617849
780042
587084
829607
858374
927516
424809
228312
936558
692104
333950
219708
590296
721539
582319
352132
325111
461832
696343
764031
703977
799033
565644
694645
254603
48256
370227
211020
793277
855316
175034
668468
3167
867218
635949
658945
617370
815344
752803
680781
182821
150489
966591
18979
271953
566634
279408
730459
539061
153079
765135
693782
83891
880382
482300
816030
697340
570937
968385
527910
964035
388267
852147
87078
588283
289587
866835
115041
543772
508956
742396
952361
693279
253098
658801
658070
603957
715460
990400
605801
861359
652866
469530
229006
49140
115038
536975
633628
854643
949984
828313
187298
625275
823579
256707
186797
708712
768891
609500
500859
549781
63181
909809
197468
776324
914937
985860
149165
273279
725562
870074
660254
591139
240967
91467
289174
725175
852410
990780
148178
268849
287678
916232
624395
397461
629947
181218
540648
319645
459702
417847
659761
79482
736872
61539
918316
133447
178685
448366
625077
554427
125913
3693
36743
402230
997822
420186
689131
145467
679175
969190
247044
988118
322583
777353
676745
687910
280050
233275
512901
88644
439950
249362
247577
552851
100587
682922
813053
238858
67470
542691
638851
286021
976586
361410
890311
375189
727828
483410
609661
329453
518149
375529
388206
186062
194725
590330
423928
51128
83871
471657
777581
265900
472893
750778
994994
696240
286462
604798
724418
509005
113961
205046
650341
406396
110266
181344
578698
124332
184908
723841
572181
767105
561737
125281
478261
194152
787678
200720
489630
602656
248644
197044
184213
379410
743142
871941
795092
249201
435665
491911
771410
385144
980367
351776
407784
558946
319810
158362
996630
779365
96164
38965
972415
212446
996398
345830
964364
385896
580331
95935
140934
207918
461923
242053
14398
593834
610810
844705
515770
174621
763733
673114
564124
765804
50107
533733
524564
913108
319706
195312
461735
162056
251914
246956
569824
88899
255480
340362
251460
364637
163458
38004
410566
7641
200130
710660
376590
974767
231059
350510
471898
382369
24068
825764
33166
97294
142737
707936
609587
766984
770657
705644
130850
746479
37048
163488
905099
185328
276138
592585
272378
444787
704714
841028
378180
581388
672076
553523
936126
378104
61357
548668
741675
345393
383875
655629
672390
866495
491146
362228
533495
430665
939621
711525
518842
614814
264053
645298
906604
225080
485452
191563
693948
669345
387797
968317
467557
485602
515893
244948
720944
771124
704567
518795
901548
127940
42364
107231
237169
668547
253535
107154
37170
53873
528977
555821
305339
148252
206395
621371
706642
820330
377346
407986
141983
580669
514310
922493
661723
431378
31003
847248
414981
633338
83486
849931
381289
500805
692153
146180
76789
216371
423794
32928
291387
566059
249913
754484
75063
708728
428799
623608
824919
412371
70849
345763
765313
300357
112181
854453
487503
870280
593491
170280
187048
92360
2608
63505
82324
904861
841283
878629
164263
204319
953885
865240
712716
360696
819474
404150
826790
951753
251251
703467
396670
59856
687586
384284
21949
531628
565017
138483
910415
715795
626768
183796
457414
167090
923630
217467
972446
845132
447689
722991
442527
150059
610400
712404
754791
802419
625105
805662
268609
770172
752466
532964
819064
653409
415911
695888
654479
667386
568309
538325
746021
304153
859456
98397
489095
896420
619680
942579
323452
88844
845079
185018
768517
48924
823915
244782
837331
843408
141260
688521
236129
818555
555064
608935
119189
63942
255163
827768
446489
970100
574463
259324
680720
533879
802318
560806
541711
281922
464200
707250
183067
459259
542335
262617
965975
729951
674543
226798
162782
859114
940248
729654
660799
772771
320826
941284
793813
684818
609859
910590
426943
720015
415755
526235
847951
909760
260800
231429
329295
469825
337019
993946
768670
993928
348225
900843
151830
489892
150028
233912
696473
89806
913951
987641
546818
508213
647838
445660
596582
31645
696417
947980
165320
994055
107603
966176
56369
610079
464888
353657
542165
589297
183632
296612
803683
468901
622131
204264
503280
36977
213687
388773
788465
205804
760912
440093
571066
800523
632601
622263
230258
153732
515093
869089
570959
322094
788137
145359
664830
670524
813605
983385
805848
759536
215349
202870
316614
766727
990648
750510
634591
655480
592839
200832
530129
982901
80746
832451
657895
858745
307423
80353
896124
532475
703133
155682
503451
332387
209544
99707
768104
188855
628073
820262
576718
98373
437229
631971
437873
581621
867821
15596
659744
945166
460534
942957
72285
649418
542897
698972
535780
100672
734361
202061
538761
428361
132154
986412
997688
95371
827802
130157
174044
695761
156005
598949
743113
250810
910187
214637
483554
52109
712365
414840
431026
709163
646074
384084
245902
251303
49516
656332
712913
114200
611786
127843
233335
884716
435917
792361
893375
19898
336666
26300
418688
952116
136441
501430
4594
523900
8025
563662
704598
991068
331047
501037
13993
482752
305259
927448
47444
111370
778418
870081
981408
53567
442394
105134
132798
186921
739764
672110
99036
711880
609417
253625
85734
868610
38534
817046
300089
450554
399538
386721
882077
975614
131337
361353
376115
851428
851856
55267
115579
870166
785709
701802
981674
645605
827648
36697
546205
447939
390348
463527
448341
529313
300261
435899
350469
35916
810493
666326
683649
961190
885118
559270
356217
760930
160845
936873
794689
328816
843778
673177
625981
285941
769365
436958
486333
453691
889661
85333
122079
303227
931673
282966
631766
636117
958123
332669
3892
321193
737644
766174
482494
86994
920208
174270
337004
729302
789700
793777
433243
515802
181805
336608
630652
992390
361482
848311
647969
742255
379131
882938
287222
308247
973950
142137
295935
935879
841164
979340
481386
294667
446735
367842
760903
527670
780201
7478
821699
701934
496924
69662
733322
844370
566357
202207
941563
509328
451578
654360
698460
808848
83692
415545
255156
268856
611275
412537
800044
534459
983570
84048
125727
60791
405435
492300
251607
400907
588423
507577
374324
104095
210093
744795
262531
32214
78532
852466
959065
122517
787069
472607
931948
579487
794953
669134
166150
791030
773851
979538
473245
148308
765393
293103
896969
105258
230050
783106
188181
389041
529831
692429
526261
400963
425510
144428
873919
172015
905917
320508
366761
97186
418079
227212
818737
165492
507498
67525
221580
39733
551755
465814
218110
570816
799753
868747
746805
727166
35881
549886
896911
821853
979910
8797
831951
672235
20690
126549
545636
426212
732065
904260
932379
678635
483450
819990
642461
491999
961816
140361
841927
497122
185065
209683
25993
528258
775514
478409
912233
88499
41234
100056
94935
545456
892436
885935
686273
207223
263128
135203
932082
116975
541522
983484
522650
738823
951344
515707
934602
977519
880367
605738
853429
73664
133992
133468
336221
597009
608580
225324
582913
354451
820439
484836
527710
962643
391522
859626
235591
565490
121761
78392
944136
405226
848838
462381
30217
744794
749056
941156
876306
723898
799343
704670
857965
502372
637179
709562
543402
693554
103161
839698
927348
446421
580586
134467
105463
181024
415474
514983
686630
697596
353212
442017
893628
445860
872880
426733
545633
492633
3988
127255
48184
919758
231
62083
913290
132067
807988
78999
331799
711569
125805
593957
566602
591738
70065
96757
675657
697203
714533
450388
812974
740243
942269
885256
89567
87667
217114
864403
202549
191206
641136
703234
443392
716813
113953
83605
296732
796424
155713
859736
886691
673737
684777
175351
115458
540102
889685
667271
806055
777044
289187
67432
850096
554818
308621
695644
502564
572091
471134
734247
933747
210169
639528
177684
962167
111968
436835
238573
788118
934808
397519
409888
124898
799787
201559
735043
882922
513010
595307
775732
443556
163024
622104
37145
287561
530345
113598
992151
62173
866085
667014
68823
375703
314289
782520
622734
613754
539747
579649
167579
461847
257909
50062
762025
552693
847484
322821
378998
273081
714655
31905
888981
438160
265392
816106
990345
853909
675929
617575
284582
350048
232088
905628
5641
486321
319022
639470
282052
187565
685636
613512
515054
229041
797038
172314
831040
52004
458473
155222
578337
475616
326455
427302
346266
218867
487364
924357
318104
862379
462182
549216
817579
676825
323596
300067
276966
111672
947930
776552
179033
268425
469415
809851
224340
559102
351054
697473
275791
310328
748975
45214
498395
485612
289751
69794
702036
126296
147090
157943
814233
287101
183249
341
316330
438342
873958
850344
373307
183681
876106
7998
7342
775271
960194
625850
438424
850569
843361
912374
480533
99284
435054
795469
867153
814548
371516
971100
932683
824920
187527
151189
760625
860989
338189
159955
46449
404188
748935
492218
546301
537094
92821
306733
436389
721494
618396
113448
830082
60193
312956
73725
301970
983236
747020
47780
382707
764293
96193
514715
498381
551901
943217
545533
544565
863904
41077
20462
122039
700831
916645
575068
735392
930079
959947
97850
421601
242473
975538
439927
303055
430147
599182
486202
393813
837480
705702
432238
392704
506603
495599
156240
579784
69733
950260
654824
851452
61423
876985
593846
926320
169806
997400
882146
703601
538774
643736
761568
756103
402538
46410
53808
914962
903916
690985
67232
700042
122481
343067
44310
714107
427878
238322
569970
320542
881272
926024
109915
649015
723684
218731
213214
291651
176996
987500
807563
60507
932925
538148
538123
938916
34852
408082
736564
16836
885135
966959
738173
403953
585056
213147
481285
342830
838254
751147
508717
345171
784283
397484
127501
104187
997331
441706
65474
909216
285780
254803
572367
915370
302956
85938
539667
173072
485732
592976
615871
666680
413079
481542
346935
56321
524391
317019
319132
314632
235865
120242
975899
426789
303823
94822
521116
153981
81531
490271
797365
378480
484420
82141
197281
154327
958214
484008
156934
597233
270677
638426
239102
878823
602808
921498
738753
958798
656648
818018
666587
517558
167299
265922
89244
564092
661962
557785
986137
983133
330765
275431
356258
740570
518831
361889
82623
38713
408693
565657
649404
246817
444425
765869
428441
183606
209250
250926
569569
451106
594298
927455
994573
632798
748324
637956
544579
50904
149115
650292
853606
507268
645934
177766
147048
220874
593140
805404
56398
819586
454011
809257
277163
568520
925260
708620
429626
362412
891414
717102
419162
407910
328809
421451
366137
850805
952579
974112
643968
738711
424512
909262
312509
129431
744028
848022
268580
942177
600585
39514
562811
2058
839734
510520
204027
397971
765011
742487
480049
118293
403942
651380
823376
775043
311902
570388
691372
839788
560945
663175
519718
11556
686408
539554
336513
937388
894071
272965
597525
825436
417292
586843
761883
959727
38653
96
614958
613695
246495
225329
668342
200181
109455
388280
614418
271134
82785
161051
734303
715209
432672
610095
278753
910810
520376
500743
579093
897762
336582
851400
633708
473088
957239
558245
310498
567279
583471
416543
764021
439045
266525
686486
412308
35591
330028
99927
139509
385408
656091
138905
680913
640456
169274
584178
330858
673759
117303
492640
890
570055
686735
152815
328373
297817
454687
985916
314148
997633
337526
379565
125081
939010
221035
475249
608107
542776
68879
779233
573077
45071
791186
716805
460011
245944
195857
536287
262560
189134
699056
339856
208232
211839
6940
358757
556882
471171
12336
759346
651334
18982
584930
199311
208394
168704
583900
480347
481288
141373
592374
20702
688445
970229
220681
656428
751004
142605
309377
217781
159396
323922
733658
56444
815524
170680
890517
47764
550695
263637
713553
298431
309248
30117
38684
442039
887121
903640
471173
894526
363113
863653
917160
177391
758560
765165
140533
784006
62241
959400
601626
115176
95640
574501
956295
68811
183202
192082
627888
804537
210907
796492
644530
130542
455557
295950
427844
87287
386963
225436
84361
127518
578731
957305
746436
223668
366346
617444
608917
534509
639705
465254
914655
734070
875860
633127
744952
588022
358755
297935
47655
86672
829940
265990
31173
498488
917531
566217
156589
461724
343974
313796
316294
884156
229436
333421
532823
991293
260695
482097
71205
68466
378706
488294
410064
761536
924618
42425
544898
383777
142650
729177
726648
520550
432867
757761
356485
135687
430679
246545
411917
5959
649396
113661
921978
181562
711908
893926
501293
399319
68172
45356
672295
811419
214427
73011
679412
320941
612552
555565
155847
588263
345829
894273
231848
948087
261331
629541
975377
41696
696512
46102
889733
832084
433614
156065
53375
291614
958109
365837
576270
63024
275395
682708
363361
103073
548441
322497
30035
493137
760295
107605
290697
850913
796136
508767
514626
741737
579856
12421
653566
710962
154970
229401
321798
684962
835782
794593
121331
838078
787005
409303
528194
585777
479351
128006
874099
389323
93239
489603
906637
848477
624213
707640
74309
278693
906245
574578
728253
665252
533997
190565
891618
952105
349250
306055
220375
356881
262357
742922
732887
930486
34767
524869
602919
655895
866492
778915
411723
978724
331760
92028
224849
343797
682438
676597
940941
820054
555273
620703
307620
434885
44606
650612
742918
147949
542335
960737
605817
485523
937146
561085
531344
397590
954043
79432
824729
886236
98374
194496
203943
547257
821312
965482
364300
118810
754404
951030
217077
229743
170411
54202
111668
777444
367203
413889
665858
843309
481694
60223
614034
537897
198477
685299
927504
587467
699922
653447
564492
755037
126788
982763
915443
533204
984813
932473
670222
639547
854336
824983
431534
330005
940576
473258
962883
838902
887016
38420
366064
326656
642209
756875
687478
889437
315854
25514
961106
767190
583588
220105
775102
813265
558727
425034
296022
722723
241564
744997
847621
315120
252993
322747
869958
241176
705936
72350
156876
198713
151261
57774
783632
799731
937576
189609
715846
15445
245755
132932
215429
797514
532879
171529
505572
924834
724352
502221
169707
835114
28217
383430
922867
526744
205156
66326
537653
789169
13062
871765
657590
839377
702105
452138
592199
842403
165750
556508
49340
965776
229651
135399
360578
849632
576587
737331
625150
816479
225900
214258
288566
993075
24206
360236
176653
310041
764193
414403
134671
983880
653051
764424
219794
213084
314491
176224
733372
119480
503087
21621
109474
597460
130272
402466
503365
845956
775481
975503
468027
718162
613193
541788
251264
981483
591643
704365
305458
336246
371266
420868
153974
128623
496842
640834
994882
143755
792475
351355
888426
276891
53940
641190
130607
853090
756281
300605
339749
16210
613905
963495
745297
426845
265388
119520
874696
55874
229245
580759
283679
565925
605414
634949
683021
896135
898187
853465
347088
606981
776008
214949
276012
262217
800762
229775
500093
165902
484510
898379
465329
638682
49576
977466
946721
37451
368266
687292
790013
854366
881933
598355
66432
532085
165825
108627
578058
867161
112049
952452
410792
336928
536400
492000
40341
733857
467589
405472
576788
77348
853230
222772
143428
642509
578635
752788
60743
432259
804582
852862
818101
102741
848726
163375
275644
332697
994402
625522
377439
417546
150251
887734
830040
562567
495998
193740
215772
748389
251412
766736
384839
452035
207663
222802
157177
136766
807978
601940
659532
981822
438387
103256
176099
839924
515775
628716
813363
761571
61746
765648
493029
425189
196271
201308
707672
629272
224162
244230
130033
619530
235586
489862
145891
964206
13687
884986
127575
141341
830117
629137
573319
394956
853631
545706
565853
811919
506135
912235
28193
967607
843341
42068
419651
379751
491073
349565
159052
227308
275820
254439
632719
165639
597978
806636
496267
427959
69118
192059
860778
265372
750157
359765
485707
146530
923967
200828
919398
392529
270835
27733
235672
967890
786193
752579
63545
422635
884308
148888
476429
37892
912478
160334
606446
35128
10028
318043
288174
363379
846770
305411
790416
110613
674862
790657
433685
987842
867253
886164
478065
392951
365890
989764
257847
993026
413367
330849
952330
635122
103485
668477
702688
308720
137398
131133
133845
751916
178648
351938
77025
907281
135559
187334
533750
773462
664720
969036
363345
191598
763587
93259
131938
792317
81637
76368
177966
70103
603122
549970
98487
305598
749575
332484
491085
352568
764289
450230
465892
490025
115603
568667
578634
693333
740614
552606
304337
11427
629567
348489
859670
435987
194130
727038
812691
635317
78916
151504
214306
735694
111203
92041
241458
867582
545457
877896
743160
242503
739889
881057
706767
503727
756172
33164
395409
978294
787923
869544
914315
389402
382584
144275
797691
68763
196804
969483
717919
868372
262913
277210
853138
878175
314716
845455
970630
782769
922720
949726
909500
724711
615071
589444
304423
948075
360190
785040
342847
939628
764113
503539
576261
359746
249655
819124
980302
405509
662843
146422
860026
480444
666701
280553
683953
501810
367635
643602
633148
717495
613225
647823
777914
441211
324568
692620
369839
547169
551443
986722
131620
197881
296370
198989
861186
712714
823806
969962
356760
941557
672272
491515
464152
306101
849189
516447
86854
326325
739822
412624
876095
157493
32410
905873
151594
244374
682972
982911
425466
629252
182847
943669
355485
958388
682336
39173
121414
424820
591162
757273
33129
613867
336789
300604
747205
37271
71513
238188
541070
291379
624911
851796
565531
414419
269273
845122
860494
165
831090
631215
500418
54301
179300
175052
714976
764636
226639
480413
649932
500179
85792
881488
628667
788973
6364
590636
134820
306875
940806
825157
767303
938470
303410
954156
367390
701633
252510
394823
343976
805107
400844
503399
466999
879288
808
238902
829196
831437
118235
267883
580298
325693
604186
751311
797618
695587
287611
730180
351496
974783
145879
715823
625093
928533
179824
431923
113195
741987
925569
894805
983203
876389
513968
768435
444096
568205
917885
518748
822933
699440
413637
677505
669807
579079
114431
395425
19937
172677
696542
748023
172347
195639
432415
34357
155735
533110
431193
519437
855425
750243
928758
303263
430669
188432
340504
916059
353603
480016
55118
385424
444489
419552
768645
75964
149021
182862
290620
836189
495378
356909
704044
961980
320563
521448
437813
472333
179487
760822
361185
902365
112272
48663
344112
908382
371933
663582
244742
560712
511045
164093
824060
513278
538971
198748
196890
686805
310618
232437
846776
844577
437322
459767
976513
709110
745450
259433
117302
72796
338521
517100
593318
3017
864699
164850
562943
916453
136222
519496
449010
167731
734703
334729
752917
787457
11436
124752
947878
164743
752956
151423
677369
713875
155193
87232
692664
673613
450446
656703
182727
224149
106636
173803
501619
157186
958144
841943
878687
881256
488596
616091
474637
76136
265248
422325
950639
904937
86451
602219
447467
175799
623604
924558
868967
377398
197159
423343
217967
715621
740285
299375
406799
335812
384615
332521
595282
691540
305418
805793
11703
421441
682981
197220
987128
465514
320801
352106
224296
231907
871447
88834
506384
680681
465477
985638
957747
426136
212418
507885
663350
504739
861040
748260
222967
523513
241187
94229
315660
896982
412336
317113
960821
952710
837096
611691
243927
492361
87408
174070
577190
512081
315689
285032
639319
168221
893314
634381
216874
684535
240438
926516
550972
5047
407528
192391
185133
863321
534289
101575
931815
765178
206700
449185
928119
197614
320260
138668
774879
583086
369803
222446
210620
581379
539937
126633
14910
43473
456004
419256
522539
273449
979424
282027
848682
244211
952028
16036
424481
38423
697731
230487
78771
803563
276227
267578
820652
807881
526761
222577
847888
192073
109528
925512
603908
293615
442627
39586
624827
209187
107694
811860
970243
964865
781420
126877
229649
333001
565650
343519
354098
22856
856910
689401
824783
5589
5871
907462
245979
45292
919113
348704
40112
193085
70473
562966
314941
911467
939337
715579
909633
321872
147626
489585
784035
260496
160779
386283
77266
600667
656507
416758
865455
288000
950735
93008
471998
453684
527394
795356
594496
67195
78695
59781
983501
140357
509631
549934
175615
583505
476908
395789
635203
332356
426053
378673
435188
33003
474747
273949
776334
316123
599478
650036
997803
984930
156753
566642
829650
223616
928779
516164
236132
988043
628872
333252
547059
334055
806814
860262
550712
788830
419071
461018
913961
446495
268837
645927
659510
55611
962887
994761
142934
795923
652613
421241
965085
71278
391375
402929
874832
115472
468528
876329
865114
411427
221196
434163
966628
676347
277673
348407
418932
487188
981595
702751
746592
743978
707277
365262
256634
276883
911805
175669
632814
460618
84003
909710
585032
82016
815411
270232
966269
24822
324479
622578
411073
38237
632737
566619
430198
202276
399310
755848
325829
310092
723159
767525
175153
11721
256351
446266
450318
481704
28287
960544
26548
562505
421779
745397
351584
185271
408690
411770
180423
153868
501133
247170
571155
249352
934983
813050
834640
679719
237316
270236
491739
518360
518209
758257
694568
856888
855115
982577
559545
300956
584378
585666
100702
547859
139268
360853
823908
386934
93761
417469
6748
598798
874277
738094
561511
466259
469792
301735
855977
590056
637752
955392
904349
481576
481111
501510
588697
432256
722861
80086
98470
589121
142594
669433
25069
285006
99745
767970
286118
858447
695246
723996
241438
660882
281294
44173
637730
6169
231327
388763
423020
662307
727171
204594
219677
417442
981655
685198
154668
398916
679730
657795
651597
343375
579028
859016
334428
164424
422066
242819
436169
743295
792763
767076
240708
64994
18762
69910
144373
344793
305951
964662
96425
418088
677770
421666
110662
876863
207941
647417
335363
839595
918535
446919
669
926548
5907
47482
229028
114850
180796
270645
745472
427490
999995
172569
551092
119474
839287
578597
102276
983923
521074
71753
688740
798571
541256
507829
291867
188920
830759
255237
271615
633574
402084
513799
197001
97018
777021
569846
312298
538757
709671
718338
770886
698224
723072
729799
460521
794692
221546
889618
729683
494420
286690
161648
214424
673057
923623
688894
414913
626241
871262
503855
156301
607997
808888
522274
979903
466581
198499
388903
23247
94170
167065
476669
588227
662631
854931
497676
851811
546886
457463
249074
262969
625229
770882
252969
379868
290423
303189
970565
406147
579351
6948
964629
802969
327529
228891
401935
699126
166907
196319
267
891394
485446
625343
827042
794619
801638
794436
884332
809046
743298
820844
588213
342884
994970
474547
457235
850047
386059
88286
88437
649453
157913
306921
983111
204143
482802
990005
592000
226058
485565
13342
938372
357362
385879
542247
819187
527735
37010
734218
870142
73605
497273
791050
233671
933500
847837
874637
29100
613315
285246
817022
612789
528734
716193
287469
470246
586411
234584
58456
303183
813134
790194
61667
618249
693404
681169
839791
4100
844723
396782
129326
754965
86881
292960
652535
303226
972308
108644
303699
524891
144811
952091
376987
675653
150707
850721
988660
821581
583011
721340
331740
548838
945961
846553
937458
614684
863595
420000
163523
430904
603674
487304
383400
964373
423425
500428
16756
45948
197736
843049
722162
688583
719397
640254
607208
150931
336747
118368
778296
341826
31839
257299
375639
10140
435133
711128
980049
432624
75756
409334
547
614712
218080
65452
906236
169597
318613
373214
229623
60681
26261
436894
511432
392357
253897
388734
239659
45615
935589
237224
358880
473671
98522
179768
177490
211785
836152
98114
564518
765530
492364
209956
437926
518594
104125
33299
203833
557197
156006
30955
287852
755391
168378
288897
296802
985173
161247
887449
336767
460900
271934
130180
993243
293298
902945
736521
179129
611287
93778
229542
791160
793333
763558
906375
131813
74039
248212
795688
210807
213841
448184
579743
292018
289061
830479
626191
645146
202346
689047
201177
844510
17483
733734
797117
314654
197252
68429
274572
631391
67367
151036
789376
496801
968354
836783
515916
416270
106063
999249
187318
504592
251587
928236
434711
655356
331567
381731
874851
842121
352634
588176
233456
428686
869833
257613
286730
903832
737298
884004
769512
470908
795356
905829
36080
207721
933526
818714
817711
686436
165362
811717
945713
98650
705338
615310
644117
857955
67925
495419
275846
454408
13546
56165
603567
743614
455035
435437
748189
544611
396244
430473
465788
772968
642831
796657
299049
31520
342790
414421
674348
173275
601259
417196
527809
934841
85042
264119
94680
113958
589455
171171
576280
892217
637317
334822
633671
155452
228639
34640
428701
110518
420647
4807
52037
835702
173774
726934
226400
657284
540346
791444
992996
603305
887480
897915
521700
327203
707198
563565
783181
904656
668873
883717
133581
241794
472257
422879
596584
994999
338716
928614
917419
182436
734633
747649
781573
254258
401926
646305
425099
782233
577737
575427
620928
244014
46168
146452
722248
115950
542078
49471
502531
531227
210294
127719
480987
114687
176343
598517
586451
711246
498259
806121
499914
485636
773327
374102
55653
995269
473335
813589
667895
328411
954264
14376
336401
461636
362921
618336
168473
983881
691336
797019
688073
260097
58975
22326
145279
475813
912324
302379
356472
490774
396154
883432
63053
411442
667602
585902
334600
933800
11859
788159
713266
434895
305524
837694
595300
215347
762600
518965
911675
767371
616090
852797
681213
23108
63031
842535
152032
904839
432659
467742
260363
804719
425658
881272
577945
162695
247503
689023
110184
288493
721882
69800
35123
93363
904986
879632
715753
443912
607202
177952
123270
775165
641801
541765
369529
214256
399894
480099
139448
276860
163495
645633
671123
499451
369206
542503
362469
110339
957113
389955
603564
135923
56126
640296
342402
521916
301
396457
177221
281592
638592
892586
441711
737390
23285
902700
678209
734510
111012
781965
554608
479959
98117
304482
79564
341132
55610
449979
543945
561852
899803
737618
31171
509742
969858
742084
830867
135647
595819
54835
724937
578642
347558
477055
455484
984366
648194
969421
956457
395712
459263
421040
188014
9115
938730
887812
391556
111674
477662
528727
501936
558544
158504
596847
829300
633695
744401
938374
898902
198918
769907
870217
521296
917714
348627
71475
796076
776609
609711
990564
966444
298510
731160
797169
789459
952757
180375
298012
82108
884746
647689
830693
553543
288668
221591
191998
726833
223784
63334
587249
403607
736526
779506
328310
383371
611087
69619
575351
809904
373274
269618
36094
207320
242929
290087
302054
102046
994860
699469
216363
800535
414999
976830
725378
205239
362644
271960
240343
653649
220425
666160
815106
125161
8266
67940
770951
822270
901775
315498
588286
276619
115690
110928
175929
753612
701181
194328
293495
782608
325574
779182
21142
968649
903445
926974
323495
634052
362513
473979
605463
237260
745125
819678
181111
762366
685694
731855
625688
684962
188993
554113
447982
26016
82502
654793
333304
565342
475257
361034
653692
556609
159515
92889
516395
376822
949156
878000
741489
289603
727643
54925
547362
122334
858368
954474
842149
990033
585397
519911
917170
980541
455116
467416
811675
619537
139627
406148
942012
555927
704062
703451
772777
432409
584600
851026
298454
723961
707285
281006
915541
57292
386839
210128
563065
169823
486605
130011
794977
771010
154056
829676
911919
609125
320179
61564
287415
368742
989760
365592
174813
177094
155275
463504
708155
870765
165343
341053
886626
485534
606055
716895
84944
917984
926209
924667
524106
511760
867158
851011
769611
446950
843860
153398
591124
393868
441343
983484
553841
98092
887852
24609
959715
331492
935208
129140
338352
942172
50708
13097
413650
279008
316765
447161
270519
752066
343843
993978
620810
986132
840590
163652
248413
44634
721018
26885
879373
566752
937123
910412
327221
40788
149653
422023
796114
20308
970520
198078
929571
449424
463636
412245
591721
310724
719954
150681
202994
456462
70939
13541
407437
683918
271823
48865
665190
40104
686190
492436
544907
343237
526881
699422
775829
908168
645882
520094
576150
459367
289936
554151
509150
434453
132742
746911
444811
944007
387275
462265
108881
196484
28509
749347
412433
667263
784603
337097
83796
832490
400194
105590
334576
62234
951069
506361
684553
526782
150897
948491
847616
698013
954867
361828
456693
934043
955555
875862
625864
646389
597675
907439
733243
703474
563804
74882
599664
451704
950091
709911
921225
311895
180013
948335
321285
726829
512199
335766
590549
222698
903579
820303
846932
414860
976071
982611
8471
624911
964933
511900
520095
560502
772919
699701
338645
198288
910111
67401
937995
616716
385248
255370
918881
844378
779320
71042
318654
482281
126930
102795
661371
456659
528606
706175
136348
753091
814238
89284
793056
754531
579932
656419
8136
872141
977992
703013
495185
343236
118856
217591
114828
456068
391763
216631
92650
799715
722188
596294
764731
630781
187955
727190
143646
197534
266549
628416
786786
39231
891031
57891
959530
175344
846273
359842
814299
101563
546032
318993
310564
559128
516388
919891
277260
718091
34014
79127
570217
29956
631136
763544
883539
99958
283282
345738
746462
416808
580851
710656
840218
929203
80075
42908
98790
578656
374770
895619
519109
650657
249295
68167
602473
159547
56267
882065
718610
500275
485873
195110
286213
740884
691917
478673
550298
247209
693133
269498
419765
625755
344579
299037
369640
242539
601579
994738
200602
447479
973196
398924
548658
13163
928476
893630
100182
404225
73370
289480
860850
922515
231051
701443
224156
921965
469664
710021
55592
713986
863287
126670
801572
486468
623596
995768
476934
213409
612647
182355
35486
990640
570904
508390
274
452418
40250
277866
396292
246303
656470
272396
939974
931276
260951
401472
227493
18969
989851
619173
983791
539254
763862
215803
913261
764648
25161
706728
722875
672572
961724
686388
386111
829531
101749
831621
469461
424756
450258
557805
76279
940294
726995
969174
872748
288319
983935
417510
281546
839640
627485
457203
833275
249147
703293
427708
83505
895481
442159
706514
446969
769698
63849
921770
42877
468234
883462
75917
841044
509931
256471
88626
77607
725262
651402
873910
807911
480189
674026
146408
907769
352276
420380
321089
764466
906988
727946
638147
413782
4735
118532
891994
696448
391745
603921
824852
931668
55589
131505
966250
64039
680997
453096
357479
342157
763565
661770
986762
755946
417053
823108
455717
385469
273930
611044
57088
192841
153963
811399
84354
417871
898196
552004
667990
290059
40196
307589
735737
733126
500120
800116
762431
267233
628530
811473
788978
853899
235214
742227
119477
99036
705086
906707
97332
203765
351541
183423
885963
734062
261564
727395
373111
628120
880627
274619
443213
147081
339596
650427
916192
360807
213752
378898
355823
716441
934086
14675
847008
563027
590653
312285
740617
474149
954571
906421
126381
151910
318796
824995
710120
217997
59063
1131
296821
750161
497174
186194
475794
690550
452138
463539
133237
769272
50526
71475
967077
705316
969129
420001
272501
435690
117089
158374
862455
3968
952880
741611
299215
413154
764046
360210
978601
446437
899677
17912
814216
647712
929369
815090
560870
424175
929178
231130
158223
429454
280596
941821
58099
358239
879462
894723
19345
620156
27781
446792
612401
196565
719347
467618
406481
450314
98157
941918
832961
583509
73410
551845
246263
368955
48569
439623
716457
720866
527691
389974
521932
300085
358543
930577
233584
537630
966607
116493
888515
357657
749831
983587
231207
166024
494649
566486
152239
229673
21094
996582
239915
165271
699022
943977
912818
745358
861147
189256
595691
785119
224129
904582
529180
372136
620671
157884
501330
264154
803172
823131
750096
754760
318444
19684
760718
27759
271786
698389
622970
713661
795211
808888
30928
735148
434991
420686
205294
703536
697254
427127
101495
246817
249825
459070
478439
991158
20422
243747
968838
317674
595684
537642
50607
358532
29663
207950
122294
590668
586392
932387
313977
715379
557880
944778
439739
103351
556335
960157
989557
720114
118617
3446
380701
423110
948096
67125
141217
101613
172127
306228
135865
642194
142127
343119
3966
667586
829445
48069
579832
419212
309203
700142
503818
577048
522478
2082
261903
72572
147157
816857
326884
367643
280241
635144
426214
760627
333954
239853
667279
63238
739774
181934
497531
429215
560697
93119
790770
230661
303501
125938
698732
550338
596833
135894
928226
850765
45814
608019
566644
854766
667173
970525
146315
383726
520594
602414
429804
541730
281322
826287
976893
25746
874808
819547
999198
977752
445125
993640
959639
595330
625992
17292
117773
328907
425290
849601
539713
575948
380352
497281
653178
866611
621245
634828
267329
917885
949716
20396
836675
326757
492585
408854
20953
32723
696164
210627
61078
916198
163773
98550
721647
262596
31345
75282
647776
802047
942006
928999
898791
870437
427647
49762
978168
924058
188458
652577
3046
366226
959664
354934
374267
852357
435298
276976
311149
221937
666011
125470
846737
322805
523797
487614
376207
323217
403247
953247
303851
316522
802066
722028
209816
702240
521683
273512
183866
735666
36777
696608
486015
892028
751102
723242
660240
303109
768560
308597
430749
498792
605291
456748
700447
314469
800416
561893
341060
441627
76593
251144
760000
359730
756915
313080
784035
424327
188551
328617
617512
548468
714591
791809
331803
136283
683937
372739
467389
572167
891778
519048
490022
892345
70394
341277
407487
337237
564593
830806
556778
611439
272187
191308
694464
92755
336950
899062
122408
522365
113565
250154
267448
559434
422120
982958
530257
341613
457521
589118
51121
134024
261864
559276
265731
153010
405410
376436
985047
42548
416093
421108
518342
9562
120414
389656
142592
787290
609969
159947
92083
586874
457774
958523
768772
436176
220383
294879
289074
9250
405035
454361
753469
620093
879232
236810
467850
380642
259028
374304
437450
416537
446324
848692
208742
867975
143403
564512
274255
405745
834491
454167
916763
142012
49641
386715
672098
256888
967767
309523
785441
797933
819080
95551
209773
678056
163385
225046
696373
329201
339487
118763
712718
277087
865154
858038
786842
90315
756983
977165
612550
426907
236525
462184
884374
776672
574758
646363
966135
989319
843474
750226
479614
924109
448871
6914
40242
812577
956248
46316
404004
397615
796510
733477
745796
485204
56717
209074
373632
640037
798384
655586
305532
367758
965805
872437
61626
58089
296556
762435
36872
402284
863563
364386
592427
318730
92071
876920
495755
871416
909195
317565
891500
913615
321503
858136
618237
901710
847212
418656
300297
973983
669201
584068
642078
891219
270193
658013