999220
993241
990217
987256
977109
958724
953872
952360
950197
941065
916273
914898
886692
879201
876656
868851
856684
855524
850675
842022
841149
837845
836542
835024
815666
804451
801448
786681
746420
734694
732772
713279
675528
647887
642478
639679
638215
638077
637010
636006
625208
612758
596821
582724
565721
557624
525217
521451
509960
471162
459967
448712
442018
437643
435535
420756
404311
381641
376064
363190
353586
349851
343757
340021
308494
274962
272811
268543
259043
245783
235704
228461
226915
226112
224888
224398
222350
219935
215036
213805
210727
201079
193758
181521
169009
165503
142573
134020
132225
130279
114656
111968
111012
108186
77766
63639
56166
45780
30593
26989